0.0,2.3850,4.405,0.132,1.3962
0.0,2.3999,31.69,1.083,1.3962
0.0,2.4614,67.57,3.110,1.3962
0.1,2.5881,75.21,5.366,1.3962
0.1,2.7839,76.84,7.672,1.3962
0.1,3.0476,74.19,9.898,1.3962
0.2,3.3770,71.49,12.04,1.3962
0.2,3.7695,69.27,14.12,1.3962
0.2,4.2241,68.68,16.18,1.3962
0.3,4.7403,68.21,18.22,1.3962
0.3,5.3176,67.74,20.26,1.3962
0.3,5.9558,67.27,22.27,1.3962
0.3,6.6542,66.79,24.28,1.3962
0.4,7.4126,66.26,26.27,1.3962
0.4,8.2303,65.54,28.23,1.3962
0.4,9.1067,65.08,30.18,1.3962
0.5,10.041,64.97,32.13,1.3962
0.5,11.035,64.97,34.08,1.3962
0.5,12.086,64.97,36.03,1.3962
0.6,13.197,65.00,37.98,1.3961
0.6,14.366,65.01,39.93,1.3961
0.6,15.593,65.01,41.88,1.3960
0.6,16.879,65.01,43.83,1.3959
0.7,18.223,65.01,45.78,1.3958
0.7,19.626,65.01,47.73,1.3956
0.7,21.087,65.02,49.68,1.3954
0.8,22.607,65.03,51.63,1.3952
0.8,24.185,65.04,53.58,1.3949
0.8,25.822,65.05,55.52,1.3945
0.8,27.517,65.07,57.47,1.3941
0.9,29.270,65.08,59.42,1.3937
0.9,31.082,65.10,61.37,1.3932
0.9,32.953,65.13,63.31,1.3926
1.0,34.882,65.20,65.26,1.3919
1.0,36.869,65.27,67.21,1.3912
1.0,38.915,65.34,69.16,1.3904
1.1,41.019,65.42,71.11,1.3896
1.1,43.182,65.49,73.07,1.3886
1.1,45.403,65.57,75.02,1.3876
1.2,47.683,65.64,76.97,1.3865
1.2,50.022,65.71,78.93,1.3854
1.2,52.419,65.78,80.88,1.3842
1.2,54.875,65.85,82.84,1.3829
1.3,57.390,65.91,84.79,1.3816
1.3,59.963,65.96,86.75,1.3802
1.3,62.595,66.01,88.70,1.3788
1.4,65.285,66.04,90.66,1.3774
1.4,68.035,66.07,92.62,1.3759
1.4,70.843,66.09,94.57,1.3745
1.5,73.709,66.05,96.53,1.3730
1.5,76.635,65.97,98.48,1.3716
1.5,79.618,65.86,100.4,1.3702
1.5,82.661,65.75,102.3,1.3689
1.6,85.761,65.63,104.3,1.3676
1.6,88.920,65.49,106.2,1.3664
1.6,92.137,65.34,108.1,1.3653
1.7,95.412,65.18,110.1,1.3643
1.7,98.745,65.02,112.0,1.3634
1.7,102.13,64.85,113.9,1.3626
1.7,105.58,64.68,115.9,1.3620
1.8,109.09,64.51,117.8,1.3614
1.8,112.65,64.34,119.7,1.3610
1.8,116.27,64.18,121.6,1.3607
1.9,119.95,64.02,123.5,1.3606
1.9,123.69,63.87,125.5,1.3605
1.9,127.48,63.72,127.4,1.3605
2.0,131.33,63.53,129.3,1.3606
2.0,135.24,63.34,131.2,1.3608
2.0,139.21,63.16,133.1,1.3610
2.1,143.23,63.00,135.0,1.3612
2.1,147.31,62.86,136.9,1.3614
2.1,151.44,62.73,138.8,1.3616
2.1,155.64,62.62,140.6,1.3617
2.2,159.89,62.52,142.5,1.3618
2.2,164.19,62.44,144.4,1.3617
2.2,168.55,62.37,146.3,1.3616
2.3,172.97,62.30,148.1,1.3614
2.3,177.44,62.24,150.0,1.3610
2.3,181.97,62.18,151.8,1.3605
2.4,186.55,62.10,153.7,1.3599
2.4,191.19,62.01,155.5,1.3593
2.4,195.89,61.90,157.3,1.3585
2.4,200.64,61.73,159.2,1.3577
2.5,205.44,61.44,161.0,1.3568
2.5,210.30,61.11,162.8,1.3559
2.5,215.21,60.75,164.6,1.3551
2.6,220.18,60.35,166.4,1.3542
2.6,225.19,59.92,168.1,1.3535
2.6,230.27,59.46,169.9,1.3528
2.6,235.39,58.99,171.6,1.3522
2.7,240.57,58.51,173.4,1.3518
2.7,245.79,58.03,175.1,1.3514
2.7,251.07,57.56,176.8,1.3512
2.8,256.41,57.10,178.5,1.3510
2.8,261.79,56.67,180.2,1.3510
2.8,267.22,56.27,181.9,1.3510
2.9,272.71,55.90,183.6,1.3510
2.9,278.24,55.56,185.3,1.3510
2.9,283.82,55.25,186.9,1.3510
3.0,289.46,55.01,188.6,1.3510
3.0,295.14,54.83,190.2,1.3509
3.0,300.87,54.66,191.8,1.3507
3.0,306.65,54.50,193.5,1.3505
3.1,312.48,54.34,195.1,1.3501
3.1,318.36,54.16,196.7,1.3497
3.1,324.29,53.95,198.3,1.3491
3.2,330.26,53.70,199.9,1.3486
3.2,336.28,53.42,201.4,1.3480
3.2,342.35,53.09,203.0,1.3474
3.3,348.46,52.71,204.6,1.3468
3.3,354.63,52.31,206.1,1.3463
3.3,360.83,51.87,207.6,1.3458
3.3,367.09,51.42,209.2,1.3454
3.4,373.38,50.97,210.7,1.3451
3.4,379.73,50.53,212.2,1.3449
3.4,386.12,50.10,213.7,1.3447
3.5,392.55,49.60,215.2,1.3446
3.5,399.03,49.10,216.6,1.3445
3.5,405.55,48.64,218.1,1.3445
3.5,412.12,48.22,219.5,1.3444
3.6,418.73,47.82,220.9,1.3442
3.6,425.38,47.45,222.4,1.3440
3.6,432.07,47.07,223.8,1.3438
3.7,438.81,46.69,225.1,1.3434
3.7,445.58,46.29,226.5,1.3430
3.7,452.40,45.86,227.9,1.3426
3.8,459.26,45.39,229.2,1.3422
3.8,466.16,44.87,230.5,1.3417
3.8,473.09,44.32,231.8,1.3413
3.9,480.07,43.74,233.1,1.3409
3.9,487.08,43.14,234.4,1.3406
3.9,494.14,42.53,235.7,1.3403
3.9,501.23,41.91,236.9,1.3400
4.0,508.35,41.28,238.1,1.3399
4.0,515.52,40.67,239.3,1.3397
4.0,522.72,40.09,240.5,1.3396
4.1,529.95,39.55,241.7,1.3394
4.1,537.22,39.04,242.9,1.3392
4.1,544.53,38.54,244.0,1.3390
4.2,551.87,38.05,245.2,1.3388
4.2,559.24,37.55,246.3,1.3385
4.2,566.65,37.03,247.4,1.3381
4.2,574.08,36.48,248.4,1.3378
4.3,581.55,35.90,249.5,1.3374
4.3,589.06,35.29,250.5,1.3371
4.3,596.59,34.66,251.5,1.3367
4.4,604.15,34.00,252.5,1.3364
4.4,611.74,33.34,253.5,1.3362
4.4,619.37,32.69,254.5,1.3359
4.5,627.02,32.07,255.4,1.3357
4.5,634.69,31.48,256.4,1.3355
4.5,642.40,30.92,257.3,1.3353
4.5,650.13,30.39,258.2,1.3352
4.6,657.90,29.88,259.1,1.3349
4.6,665.68,29.37,259.9,1.3347
4.6,673.49,28.86,260.8,1.3344
4.7,681.33,28.34,261.6,1.3341
4.7,689.19,27.80,262.4,1.3338
4.7,697.08,27.24,263.2,1.3335
4.8,704.99,26.65,264.0,1.3332
4.8,712.93,26.05,264.8,1.3329
4.8,720.88,25.43,265.5,1.3326
4.8,728.86,24.82,266.3,1.3324
4.9,736.86,24.22,267.0,1.3322
4.9,744.88,23.64,267.7,1.3319
4.9,752.92,23.07,268.3,1.3317
5.0,760.98,22.46,269.0,1.3315
5.0,769.06,21.90,269.6,1.3313
5.0,777.16,21.36,270.3,1.3311
5.1,785.28,20.81,270.9,1.3308
5.1,793.42,20.26,271.5,1.3305
5.1,801.57,19.69,272.0,1.3303
5.1,809.74,19.11,272.6,1.3300
5.2,817.93,18.52,273.1,1.3297
5.2,826.14,17.91,273.6,1.3294
5.2,834.35,17.30,274.1,1.3292
5.3,842.59,16.69,274.6,1.3289
5.3,850.83,16.10,275.1,1.3287
5.3,859.10,15.51,275.6,1.3285
5.3,867.37,14.95,276.0,1.3283
5.4,875.66,14.39,276.4,1.3280
5.4,883.96,13.84,276.8,1.3278
5.4,892.27,13.17,277.2,1.3275
5.5,900.59,12.06,277.5,1.3273
5.5,908.92,10.91,277.8,1.3270
5.5,917.26,9.754,278.1,1.3267
5.6,925.61,8.589,278.3,1.3265
5.6,933.97,7.418,278.5,1.3262
5.6,942.33,6.247,278.7,1.3260
5.7,950.69,5.078,278.9,1.3257
5.7,959.06,3.918,279.0,1.3255
5.7,967.43,2.769,279.0,1.3253
5.7,975.81,1.652,279.1,1.3250
5.8,984.18,0.615,279.1,1.3248
5.8,992.55,-0.40,279.0,1.3245
5.8,1000.9,-1.42,279.0,1.3243
5.9,1009.2,-2.44,278.9,1.3240
5.9,1017.6,-3.46,278.8,1.3238
5.9,1026.0,-4.49,278.6,1.3235
6.0,1034.3,-5.52,278.4,1.3233
6.0,1042.7,-6.54,278.2,1.3230
6.0,1051.0,-7.57,278.0,1.3227
6.0,1059.4,-8.60,277.7,1.3225
6.1,1067.7,-9.62,277.4,1.3222
6.1,1076.0,-10.6,277.0,1.3220
6.1,1084.3,-11.6,276.7,1.3218
6.2,1092.6,-12.2,276.3,1.3215
6.2,1100.9,-12.6,275.9,1.3213
6.2,1109.2,-13.1,275.5,1.3210
6.3,1117.4,-13.6,275.1,1.3207
6.3,1125.7,-14.1,274.6,1.3205
6.3,1133.9,-14.5,274.2,1.3202
6.3,1142.1,-15.0,273.7,1.3200
6.4,1150.3,-15.5,273.2,1.3197
6.4,1158.5,-16.0,272.7,1.3194
6.4,1166.7,-16.5,272.2,1.3192
6.5,1174.9,-17.0,271.7,1.3189
6.5,1183.0,-17.4,271.1,1.3187
6.5,1191.1,-17.9,270.6,1.3184
6.6,1199.2,-18.4,270.0,1.3181
6.6,1207.3,-18.8,269.4,1.3179
6.6,1215.4,-19.3,268.8,1.3176
6.6,1223.5,-19.7,268.2,1.3174
6.7,1231.5,-20.1,267.6,1.3171
6.7,1239.5,-20.5,266.9,1.3168
6.7,1247.5,-20.9,266.3,1.3165
6.8,1255.5,-21.3,265.6,1.3163
6.8,1263.5,-22.3,264.9,1.3160
6.8,1271.4,-25.1,264.2,1.3157
6.8,1279.3,-24.9,263.4,1.3155
6.9,1287.2,-24.7,262.6,1.3152
6.9,1295.1,-24.6,261.9,1.3149
6.9,1302.9,-24.4,261.1,1.3146
7.0,1310.7,-24.2,260.4,1.3144
7.0,1318.5,-24.1,259.6,1.3141
7.0,1326.3,-23.9,258.9,1.3138
7.1,1334.1,-23.7,258.2,1.3135
7.1,1341.8,-23.6,257.4,1.3133
7.1,1349.5,-23.4,256.7,1.3130
7.1,1357.2,-23.3,256.0,1.3127
7.2,1364.9,-23.1,255.3,1.3124
7.2,1372.5,-23.0,254.6,1.3121
7.2,1380.2,-22.9,253.9,1.3118
7.3,1387.8,-22.7,253.2,1.3115
7.3,1395.4,-22.6,252.5,1.3113
7.3,1402.9,-22.5,251.8,1.3110
7.4,1410.5,-22.3,251.1,1.3107
7.4,1418.0,-22.2,250.4,1.3104
7.4,1425.5,-22.1,249.7,1.3101
7.5,1433.0,-22.0,249.0,1.3098
7.5,1440.4,-21.8,248.3,1.3095
7.5,1447.9,-21.7,247.7,1.3092
7.5,1455.3,-21.6,247.0,1.3089
7.6,1462.7,-21.5,246.3,1.3086
7.6,1470.1,-21.4,245.7,1.3083
7.6,1477.4,-21.3,245.0,1.3080
7.7,1484.8,-21.1,244.4,1.3077
7.7,1492.1,-21.0,243.7,1.3074
7.7,1499.4,-20.9,243.1,1.3071
7.8,1506.7,-20.8,242.4,1.3068
7.8,1514.0,-20.7,241.8,1.3065
7.8,1521.2,-20.6,241.1,1.3062
7.8,1528.4,-20.5,240.5,1.3059
7.9,1535.6,-20.4,239.9,1.3056
7.9,1542.8,-20.3,239.2,1.3053
7.9,1550.0,-20.2,238.6,1.3050
8.0,1557.1,-20.1,238.0,1.3046
8.0,1564.3,-20.0,237.4,1.3043
8.0,1571.4,-19.9,236.7,1.3040
8.1,1578.5,-19.8,236.1,1.3037
8.1,1585.6,-19.8,235.5,1.3034
8.1,1592.6,-19.7,234.9,1.3031
8.1,1599.7,-19.6,234.3,1.3027
8.2,1606.7,-19.5,233.7,1.3024
8.2,1613.7,-19.4,233.1,1.3021
8.2,1620.7,-19.3,232.5,1.3018
8.3,1627.6,-19.2,231.9,1.3015
8.3,1634.6,-19.1,231.3,1.3011
8.3,1641.5,-19.1,230.7,1.3008
8.4,1648.4,-19.0,230.1,1.3005
8.4,1655.3,-18.9,229.5,1.3001
8.4,1662.2,-18.8,228.9,1.2998
8.4,1669.1,-18.7,228.3,1.2995
8.5,1675.9,-18.7,227.7,1.2991
8.5,1682.7,-18.6,227.2,1.2988
8.5,1689.5,-18.5,226.6,1.2985
8.6,1696.3,-18.4,226.0,1.2981
8.6,1703.1,-18.4,225.4,1.2978
8.6,1709.8,-18.3,224.9,1.2975
8.7,1716.6,-18.2,224.3,1.2971
8.7,1723.3,-18.2,223.7,1.2968
8.7,1730.0,-18.1,223.2,1.2964
8.7,1736.7,-18.0,222.6,1.2961
8.8,1743.4,-17.9,222.0,1.2958
8.8,1750.0,-17.9,221.5,1.2954
8.8,1756.7,-17.8,220.9,1.2951
8.9,1763.3,-17.7,220.4,1.2947
8.9,1769.9,-17.7,219.8,1.2944
8.9,1776.5,-17.6,219.3,1.2940
9.0,1783.0,-17.5,218.7,1.2937
9.0,1789.6,-17.5,218.2,1.2933
9.0,1796.1,-17.4,217.6,1.2929
9.0,1802.7,-17.4,217.1,1.2926
9.1,1809.2,-17.3,216.5,1.2922
9.1,1815.7,-17.2,216.0,1.2919
9.1,1822.1,-17.2,215.4,1.2915
9.2,1828.6,-17.1,214.9,1.2912
9.2,1835.0,-17.0,214.4,1.2908
9.2,1841.5,-17.0,213.8,1.2904
9.2,1847.9,-16.9,213.3,1.2901
9.3,1854.3,-16.9,212.8,1.2897
9.3,1860.6,-17.0,212.2,1.2893
9.3,1867.0,-20.3,211.6,1.2890
9.4,1873.3,-24.1,210.9,1.2886
9.4,1879.6,-26.8,210.0,1.2882
9.4,1885.9,-27.5,209.2,1.2878
9.5,1892.2,-27.8,208.3,1.2875
9.5,1898.4,-28.3,207.5,1.2871
9.5,1904.6,-28.7,206.6,1.2867
9.6,1910.8,-27.9,205.7,1.2863
9.6,1917.0,-27.3,204.9,1.2859
9.6,1923.1,-27.3,204.0,1.2855
9.6,1929.2,-27.3,203.2,1.2852
9.7,1935.3,-27.3,202.3,1.2848
9.7,1941.4,-27.2,201.5,1.2844
9.7,1947.4,-26.9,200.7,1.2840
9.8,1953.4,-26.7,199.8,1.2836
9.8,1959.4,-26.4,199.0,1.2832
9.8,1965.4,-26.1,198.2,1.2828
9.9,1971.3,-25.9,197.4,1.2824
9.9,1977.2,-25.6,196.6,1.2820
9.9,1983.1,-26.2,195.8,1.2816
9.9,1989.0,-26.1,195.0,1.2811
10.,1994.8,-25.6,194.2,1.2807
10.,2000.6,-25.2,193.4,1.2803
10.,2006.4,-24.7,192.6,1.2799
10.,2012.2,-25.2,191.9,1.2795
10.,2017.9,-25.0,191.1,1.2791
10.,2023.6,-24.5,190.3,1.2786
10.,2029.3,-24.9,189.6,1.2782
10.,2035.0,-24.5,188.8,1.2778
10.,2040.7,-24.0,188.0,1.2773
10.,2046.3,-24.3,187.3,1.2769
10.,2051.9,-23.9,186.5,1.2765
10.,2057.5,-24.2,185.8,1.2760
10.,2063.1,-23.7,185.1,1.2756
10.,2068.6,-23.8,184.3,1.2752
10.,2074.1,-23.4,183.6,1.2747
10.,2079.6,-23.4,182.9,1.2743
10.,2085.1,-23.0,182.1,1.2738
10.,2090.6,-23.1,181.4,1.2734
10.,2096.0,-22.7,180.7,1.2729
10.,2101.4,-22.8,180.0,1.2725
10.,2106.8,-22.7,179.3,1.2720
10.,2112.2,-22.4,178.6,1.2715
10.,2117.5,-22.4,177.9,1.2711
10.,2122.8,-22.2,177.2,1.2706
10.,2128.2,-22.1,176.5,1.2701
10.,2133.4,-22.0,175.8,1.2697
10.,2138.7,-21.8,175.2,1.2692
10.,2144.0,-21.7,174.5,1.2687
10.,2149.2,-21.6,173.8,1.2682
10.,2154.4,-21.5,173.1,1.2678
10.,2159.6,-21.3,172.5,1.2673
10.,2164.7,-21.2,171.8,1.2668
10.,2169.9,-21.1,171.1,1.2663
11.,2175.0,-21.0,170.5,1.2658
11.,2180.1,-21.0,169.8,1.2653
11.,2185.2,-21.0,169.2,1.2648
11.,2190.3,-20.9,168.5,1.2643
11.,2195.3,-20.8,167.9,1.2638
11.,2200.3,-20.7,167.2,1.2633
11.,2205.3,-20.6,166.6,1.2628
11.,2210.3,-20.4,165.9,1.2623
11.,2215.3,-20.3,165.3,1.2618
11.,2220.3,-20.1,164.6,1.2613
11.,2225.2,-20.0,164.0,1.2607
11.,2230.1,-19.8,163.4,1.2602
11.,2235.0,-19.7,162.8,1.2597
11.,2239.9,-20.2,162.1,1.2592
11.,2244.7,-20.0,161.5,1.2586
11.,2249.6,-19.7,160.9,1.2581
11.,2254.4,-19.5,160.3,1.2576
11.,2259.2,-19.4,159.7,1.2570
11.,2264.0,-19.8,159.0,1.2565
11.,2268.7,-19.7,158.4,1.2560
11.,2273.5,-19.8,157.8,1.2554
11.,2278.2,-20.2,157.2,1.2549
11.,2282.9,-20.1,156.5,1.2543
11.,2287.6,-20.3,155.9,1.2538
11.,2292.3,-20.7,155.2,1.2532
11.,2296.9,-20.6,154.6,1.2526
11.,2301.5,-20.6,153.9,1.2521
11.,2306.1,-20.9,153.3,1.2515
11.,2310.7,-20.9,152.6,1.2509
11.,2315.3,-21.0,152.0,1.2504
11.,2319.9,-21.0,151.3,1.2498
11.,2324.4,-21.0,150.6,1.2492
11.,2328.9,-21.0,150.0,1.2486
12.,2333.4,-21.3,149.3,1.2480
12.,2337.9,-21.1,148.6,1.2474
12.,2342.3,-21.0,148.0,1.2468
12.,2346.7,-20.7,147.3,1.2462
12.,2351.2,-20.6,146.7,1.2456
12.,2355.5,-20.8,146.0,1.2450
12.,2359.9,-20.5,145.4,1.2444
12.,2364.3,-20.4,144.7,1.2438
12.,2368.6,-20.5,144.1,1.2432
12.,2372.9,-20.6,143.4,1.2426
12.,2377.2,-20.1,142.8,1.2419
12.,2381.5,-20.0,142.2,1.2413
12.,2385.7,-20.0,141.5,1.2407
12.,2390.0,-20.1,140.9,1.2400
12.,2394.2,-20.0,140.3,1.2394
12.,2398.4,-19.8,139.6,1.2388
12.,2402.6,-19.5,139.0,1.2381
12.,2406.7,-19.4,138.4,1.2375
12.,2410.9,-19.3,137.8,1.2368
12.,2415.0,-19.3,137.2,1.2361
12.,2419.1,-19.2,136.6,1.2355
12.,2423.2,-19.0,136.0,1.2348
12.,2427.3,-18.9,135.4,1.2341
12.,2431.3,-18.8,134.8,1.2335
12.,2435.4,-18.7,134.2,1.2328
12.,2439.4,-18.6,133.6,1.2321
12.,2443.4,-18.5,133.0,1.2314
12.,2447.4,-18.3,132.4,1.2307
12.,2451.3,-18.2,131.8,1.2300
12.,2455.3,-18.4,131.3,1.2293
12.,2459.2,-18.3,130.7,1.2286
12.,2463.1,-18.1,130.1,1.2279
12.,2467.0,-18.0,129.5,1.2272
12.,2470.9,-17.8,128.9,1.2265
13.,2474.8,-17.7,128.4,1.2257
13.,2478.6,-18.0,127.8,1.2250
13.,2482.4,-17.8,127.2,1.2243
13.,2486.3,-17.6,126.7,1.2235
13.,2490.0,-17.5,126.1,1.2228
13.,2493.8,-17.6,125.6,1.2221
13.,2497.6,-17.4,125.0,1.2213
13.,2501.3,-17.4,124.4,1.2205
13.,2505.1,-17.4,123.9,1.2198
13.,2508.8,-17.2,123.3,1.2190
13.,2512.5,-17.2,122.8,1.2183
13.,2516.1,-17.1,122.2,1.2175
13.,2519.8,-17.2,121.7,1.2167
13.,2523.4,-17.1,121.1,1.2159
13.,2527.1,-16.8,120.6,1.2151
13.,2530.7,-16.8,120.0,1.2143
13.,2534.3,-16.7,119.5,1.2135
13.,2537.8,-16.7,119.0,1.2127
13.,2541.4,-16.5,118.4,1.2119
13.,2545.0,-16.5,117.9,1.2111
13.,2548.5,-16.4,117.4,1.2103
13.,2552.0,-16.4,116.8,1.2095
13.,2555.5,-16.5,116.3,1.2086
13.,2559.0,-16.2,115.8,1.2078
13.,2562.4,-16.3,115.3,1.2070
13.,2565.9,-16.0,114.7,1.2061
13.,2569.3,-16.0,114.2,1.2053
13.,2572.8,-15.9,113.7,1.2044
13.,2576.2,-15.8,113.2,1.2035
13.,2579.6,-15.7,112.7,1.2027
13.,2582.9,-15.7,112.2,1.2018
13.,2586.3,-15.6,111.7,1.2009
13.,2589.6,-15.5,111.2,1.2000
14.,2593.0,-15.4,110.7,1.1991
14.,2596.3,-15.3,110.2,1.1982
14.,2599.6,-15.2,109.7,1.1973
14.,2602.9,-15.1,109.2,1.1964
14.,2606.1,-15.1,108.7,1.1955
14.,2609.4,-15.1,108.2,1.1946
14.,2612.6,-15.0,107.7,1.1937
14.,2615.8,-14.8,107.2,1.1927
14.,2619.0,-14.7,106.7,1.1918
14.,2622.2,-14.7,106.2,1.1908
14.,2625.4,-14.8,105.7,1.1899
14.,2628.6,-14.8,105.3,1.1889
14.,2631.7,-14.7,104.8,1.1880
14.,2634.9,-14.7,104.3,1.1870
14.,2638.0,-14.7,103.8,1.1860
14.,2641.1,-14.6,103.3,1.1850
14.,2644.2,-14.6,102.8,1.1841
14.,2647.3,-14.5,102.4,1.1831
14.,2650.4,-14.5,101.9,1.1821
14.,2653.4,-14.4,101.4,1.1811
14.,2656.4,-14.4,100.9,1.1800
14.,2659.5,-14.3,100.5,1.1790
14.,2662.5,-14.2,100.0,1.1780
14.,2665.5,-14.1,99.57,1.1769
14.,2668.4,-14.0,99.11,1.1759
14.,2671.4,-14.0,98.64,1.1749
14.,2674.4,-13.9,98.18,1.1738
14.,2677.3,-13.8,97.72,1.1727
14.,2680.2,-13.7,97.27,1.1717
14.,2683.1,-13.8,96.81,1.1706
14.,2686.0,-13.7,96.35,1.1695
14.,2688.9,-13.6,95.89,1.1684
14.,2691.8,-13.6,95.44,1.1673
15.,2694.6,-13.5,94.99,1.1662
15.,2697.5,-13.4,94.54,1.1651
15.,2700.3,-13.3,94.09,1.1640
15.,2703.1,-13.3,93.65,1.1628
15.,2705.9,-13.2,93.20,1.1617
15.,2708.7,-13.2,92.76,1.1605
15.,2711.5,-13.1,92.32,1.1594
15.,2714.3,-13.0,91.88,1.1582
15.,2717.0,-13.1,91.44,1.1570
15.,2719.8,-12.9,91.00,1.1559
15.,2722.5,-12.8,90.57,1.1547
15.,2725.2,-12.9,90.13,1.1535
15.,2727.9,-12.8,89.70,1.1523
15.,2730.6,-12.7,89.27,1.1511
15.,2733.2,-12.8,88.83,1.1498
15.,2735.9,-12.7,88.40,1.1486
15.,2738.5,-12.7,87.97,1.1474
15.,2741.2,-12.6,87.54,1.1461
15.,2743.8,-12.5,87.11,1.1449
15.,2746.4,-12.5,86.68,1.1436
15.,2749.0,-12.5,86.26,1.1423
15.,2751.6,-12.4,85.83,1.1410
15.,2754.2,-12.5,85.41,1.1398
15.,2756.7,-12.4,84.98,1.1385
15.,2759.3,-12.4,84.56,1.1371
15.,2761.8,-12.3,84.14,1.1358
15.,2764.3,-12.3,83.72,1.1345
15.,2766.8,-12.1,83.30,1.1332
15.,2769.3,-12.2,82.88,1.1318
15.,2771.8,-12.1,82.46,1.1304
15.,2774.2,-12.1,82.04,1.1291
15.,2776.7,-12.0,81.63,1.1277
15.,2779.1,-11.9,81.22,1.1263
15.,2781.6,-11.9,80.80,1.1249
16.,2784.0,-11.8,80.39,1.1235
16.,2786.4,-11.8,79.98,1.1221
16.,2788.8,-11.7,79.58,1.1207
16.,2791.2,-11.7,79.17,1.1192
16.,2793.5,-11.6,78.76,1.1178
16.,2795.9,-11.5,78.36,1.1163
16.,2798.2,-11.5,77.96,1.1148
16.,2800.6,-11.5,77.55,1.1134
16.,2802.9,-11.4,77.15,1.1119
16.,2805.2,-11.4,76.75,1.1104
16.,2807.5,-11.4,76.35,1.1088
16.,2809.8,-11.3,75.95,1.1073
16.,2812.1,-11.2,75.55,1.1058
16.,2814.3,-11.2,75.16,1.1042
16.,2816.6,-11.2,74.76,1.1027
16.,2818.8,-11.3,74.36,1.1011
16.,2821.0,-11.3,73.96,1.0995
16.,2823.2,-11.1,73.57,1.0979
16.,2825.4,-11.0,73.17,1.0963
16.,2827.6,-11.0,72.78,1.0947
16.,2829.8,-11.0,72.39,1.0930
16.,2832.0,-11.0,71.99,1.0914
16.,2834.1,-11.0,71.60,1.0897
16.,2836.3,-10.9,71.21,1.0880
16.,2838.4,-10.8,70.82,1.0863
16.,2840.5,-10.8,70.43,1.0846
16.,2842.6,-10.7,70.04,1.0829
16.,2844.7,-10.7,69.66,1.0812
16.,2846.8,-10.6,69.27,1.0795
16.,2848.9,-10.6,68.89,1.0777
16.,2850.9,-10.6,68.50,1.0759
16.,2853.0,-10.5,68.12,1.0742
16.,2855.0,-10.5,67.74,1.0724
17.,2857.1,-10.4,67.36,1.0706
17.,2859.1,-10.4,66.98,1.0687
17.,2861.1,-10.4,66.60,1.0669
17.,2863.1,-10.3,66.22,1.0650
17.,2865.1,-10.3,65.84,1.0632
17.,2867.0,-10.2,65.46,1.0613
17.,2869.0,-10.1,65.09,1.0594
17.,2870.9,-10.1,64.71,1.0575
17.,2872.9,-10.0,64.34,1.0556
17.,2874.8,-10.2,63.96,1.0536
17.,2876.7,-10.1,63.59,1.0517
17.,2878.6,-10.1,63.21,1.0497
17.,2880.5,-10.0,62.84,1.0477
17.,2882.4,-9.95,62.47,1.0457
17.,2884.2,-9.87,62.10,1.0436
17.,2886.1,-9.91,61.73,1.0416
17.,2887.9,-9.86,61.36,1.0395
17.,2889.8,-9.81,60.99,1.0375
17.,2891.6,-9.76,60.62,1.0354
17.,2893.4,-9.71,60.25,1.0333
17.,2895.2,-9.66,59.88,1.0311
17.,2897.0,-9.61,59.52,1.0290
17.,2898.8,-9.61,59.15,1.0268
17.,2900.6,-9.52,58.79,1.0247
17.,2902.3,-9.47,58.42,1.0225
17.,2904.1,-9.53,58.06,1.0202
17.,2905.8,-9.43,57.70,1.0180
17.,2907.5,-9.33,57.34,1.0157
17.,2909.2,-9.41,56.97,1.0135
17.,2910.9,-9.32,56.61,1.0112
17.,2912.6,-9.22,56.25,1.0089
17.,2914.3,-9.29,55.89,1.0065
17.,2916.0,-9.18,55.53,1.0042
18.,2917.7,-9.20,55.17,1.0018
18.,2919.3,-9.14,54.81,0.9994
18.,2920.9,-9.10,54.45,0.9970
18.,2922.6,-9.05,54.10,0.9946
18.,2924.2,-8.98,53.74,0.9921
18.,2925.8,-8.95,53.38,0.9896
18.,2927.4,-8.91,53.03,0.9871
18.,2929.0,-8.86,52.67,0.9846
18.,2930.6,-8.84,52.32,0.9821
18.,2932.1,-8.76,51.97,0.9795
18.,2933.7,-8.77,51.61,0.9769
18.,2935.2,-8.66,51.26,0.9743
18.,2936.7,-8.68,50.91,0.9716
18.,2938.3,-8.57,50.56,0.9690
18.,2939.8,-8.59,50.21,0.9663
18.,2941.3,-8.60,49.85,0.9636
18.,2942.8,-8.49,49.50,0.9609
18.,2944.3,-8.50,49.15,0.9581
18.,2945.7,-8.39,48.81,0.9553
18.,2947.2,-8.40,48.46,0.9525
18.,2948.6,-8.35,48.11,0.9497
18.,2950.1,-8.29,47.76,0.9468
18.,2951.5,-8.29,47.41,0.9440
18.,2952.9,-8.19,47.07,0.9411
18.,2954.3,-8.17,46.72,0.9381
18.,2955.7,-8.16,46.37,0.9352
18.,2957.1,-8.04,46.03,0.9322
18.,2958.5,-8.04,45.68,0.9292
18.,2959.8,-8.03,45.34,0.9261
18.,2961.2,-7.91,45.00,0.9230
18.,2962.5,-7.89,44.65,0.9199
18.,2963.9,-7.88,44.31,0.9168
18.,2965.2,-7.84,43.97,0.9136
18.,2966.5,-7.74,43.63,0.9105
19.,2967.8,-7.72,43.29,0.9072
19.,2969.1,-7.70,42.94,0.9040
19.,2970.4,-7.63,42.60,0.9007
19.,2971.7,-7.55,42.27,0.8974
19.,2972.9,-7.52,41.93,0.8941
19.,2974.2,-7.49,41.59,0.8907
19.,2975.4,-7.46,41.25,0.8873
19.,2976.7,-7.43,40.91,0.8839
19.,2977.9,-7.31,40.57,0.8804
19.,2979.1,-7.28,40.24,0.8769
19.,2980.3,-7.24,39.90,0.8733
19.,2981.5,-7.20,39.56,0.8698
19.,2982.7,-7.16,39.23,0.8662
19.,2983.8,-7.12,38.89,0.8625
19.,2985.0,-7.08,38.56,0.8589
19.,2986.2,-7.04,38.22,0.8552
19.,2987.3,-6.99,37.89,0.8514
19.,2988.4,-6.90,37.55,0.8476
19.,2989.6,-6.82,37.22,0.8438
19.,2990.7,-6.78,36.89,0.8399
19.,2991.8,-6.73,36.56,0.8361
19.,2992.9,-6.68,36.23,0.8321
19.,2993.9,-6.63,35.90,0.8282
19.,2995.0,-6.58,35.57,0.8242
19.,2996.1,-6.53,35.24,0.8201
19.,2997.1,-6.48,34.91,0.8160
19.,2998.2,-6.42,34.58,0.8119
19.,2999.2,-6.37,34.25,0.8077
19.,3000.2,-6.35,33.92,0.8035
19.,3001.2,-6.31,33.59,0.7993
19.,3002.2,-6.25,33.26,0.7950
19.,3003.2,-6.19,32.94,0.7907
19.,3004.2,-6.13,32.61,0.7863
20.,3005.2,-6.07,32.28,0.7819
20.,3006.2,-6.00,31.96,0.7774
20.,3007.1,-5.94,31.63,0.7729
20.,3008.1,-5.88,31.31,0.7683
20.,3009.0,-5.84,30.98,0.7637
20.,3009.9,-5.80,30.65,0.7591
20.,3010.8,-5.73,30.33,0.7544
20.,3011.7,-5.67,30.01,0.7496
20.,3012.6,-5.60,29.68,0.7448
20.,3013.5,-5.53,29.36,0.7400
20.,3014.4,-5.51,29.04,0.7351
20.,3015.3,-5.44,28.71,0.7302
20.,3016.1,-5.37,28.39,0.7252
20.,3017.0,-5.32,28.07,0.7202
20.,3017.8,-5.27,27.75,0.7151
20.,3018.6,-5.20,27.43,0.7100
20.,3019.4,-5.13,27.11,0.7048
20.,3020.3,-5.09,26.79,0.6995
20.,3021.1,-5.02,26.47,0.6943
20.,3021.8,-4.94,26.15,0.6889
20.,3022.6,-4.88,25.83,0.6835
20.,3023.4,-4.83,25.51,0.6781
20.,3024.2,-4.75,25.19,0.6726
20.,3024.9,-4.70,24.87,0.6670
20.,3025.6,-4.63,24.56,0.6614
20.,3026.4,-4.56,24.24,0.6557
20.,3027.1,-4.51,23.92,0.6500
20.,3027.8,-4.45,23.61,0.6442
20.,3028.5,-4.38,23.29,0.6384
20.,3029.2,-4.30,22.97,0.6325
20.,3029.9,-4.24,22.66,0.6265
20.,3030.6,-4.18,22.34,0.6205
20.,3031.2,-4.12,22.03,0.6144
21.,3031.9,-4.06,21.71,0.6083
21.,3032.5,-3.98,21.40,0.6021
21.,3033.2,-3.90,21.08,0.5958
21.,3033.8,-3.84,20.77,0.5895
21.,3034.4,-3.80,20.46,0.5831
21.,3035.0,-3.88,20.14,0.5766
21.,3035.6,-3.81,19.82,0.5701
21.,3036.2,-3.75,19.50,0.5636
21.,3036.8,-3.69,19.19,0.5569
21.,3037.4,-3.63,18.87,0.5502
21.,3037.9,-3.55,18.55,0.5434
21.,3038.5,-3.48,18.24,0.5366
21.,3039.0,-3.41,17.92,0.5297
21.,3039.6,-3.34,17.60,0.5227
21.,3040.1,-3.27,17.29,0.5157
21.,3040.6,-3.20,16.97,0.5085
21.,3041.1,-3.12,16.66,0.5014
21.,3041.6,-3.06,16.35,0.4941
21.,3042.1,-2.99,16.03,0.4868
21.,3042.6,-2.92,15.72,0.4794
21.,3043.0,-2.85,15.41,0.4719
21.,3043.5,-2.78,15.09,0.4644
21.,3043.9,-2.71,14.78,0.4568
21.,3044.4,-2.64,14.47,0.4491
21.,3044.8,-2.57,14.16,0.4413
21.,3045.2,-2.51,13.84,0.4335
21.,3045.6,-2.44,13.53,0.4256
21.,3046.0,-2.37,13.22,0.4176
21.,3046.4,-2.30,12.91,0.4096
21.,3046.8,-2.23,12.60,0.4015
21.,3047.2,-2.18,12.29,0.3932
21.,3047.5,-2.12,11.98,0.3850
21.,3047.9,-2.22,11.66,0.3766
21.,3048.2,-2.12,11.34,0.3681
22.,3048.6,-2.03,11.03,0.3596
22.,3048.9,-1.94,10.72,0.3510
22.,3049.2,-1.85,10.40,0.3422
22.,3049.5,-1.77,10.09,0.3335
22.,3049.8,-1.69,9.786,0.3246
22.,3050.1,-1.62,9.477,0.3157
22.,3050.4,-1.55,9.168,0.3067
22.,3050.7,-1.47,8.860,0.2977
22.,3050.9,-1.40,8.554,0.2886
22.,3051.2,-1.33,8.248,0.2795
22.,3051.4,-1.26,7.944,0.2703
22.,3051.7,-1.19,7.640,0.2610
22.,3051.9,-1.12,7.337,0.2517
22.,3052.1,-1.05,7.036,0.2423
22.,3052.3,-0.98,6.735,0.2329
22.,3052.5,-0.91,6.435,0.2234
22.,3052.7,-0.84,6.136,0.2138
22.,3052.9,-0.77,5.838,0.2042
22.,3053.0,-0.71,5.540,0.1946
22.,3053.2,-0.65,5.244,0.1848
22.,3053.4,-0.58,4.947,0.1751
22.,3053.5,-0.52,4.652,0.1652
22.,3053.6,-0.47,4.357,0.1553
22.,3053.8,-0.41,4.062,0.1454
22.,3053.9,-0.36,3.768,0.1354
22.,3054.0,-0.30,3.474,0.1253
22.,3054.1,-0.26,3.181,0.1152
22.,3054.2,-0.21,2.888,0.1050
22.,3054.3,-0.17,2.595,0.0948
22.,3054.3,-0.12,2.303,0.0845
22.,3054.4,-0.09,2.011,0.0742
22.,3054.5,-0.05,1.718,0.0639
22.,3054.5,-0.02,1.427,0.0535
23.,3054.5,0.006,1.135,0.0431
23.,3054.6,0.032,0.843,0.0326
23.,3054.6,0.056,0.551,0.0221
23.,3054.6,0.077,0.259,0.0116
23.,3054.6,0.096,-0.03,0.0010
23.,3054.6,0.111,-0.32,-0.009
23.,3054.6,0.124,-0.61,-0.020
23.,3054.6,0.134,-0.90,-0.030
23.,3054.5,0.142,-1.19,-0.041
23.,3054.5,0.147,-1.49,-0.052
23.,3054.4,0.150,-1.78,-0.062
23.,3054.4,0.150,-2.07,-0.073
23.,3054.3,0.148,-2.36,-0.084
23.,3054.2,0.145,-2.66,-0.094
23.,3054.2,0.139,-2.95,-0.105
23.,3054.1,0.132,-3.24,-0.116
23.,3054.0,0.123,-3.54,-0.126
23.,3053.9,0.113,-3.83,-0.137
23.,3053.7,0.102,-4.12,-0.148
23.,3053.6,0.090,-4.42,-0.159
23.,3053.5,0.078,-4.71,-0.169
23.,3053.3,0.066,-5.01,-0.180
23.,3053.2,0.055,-5.30,-0.191
23.,3053.0,0.046,-5.59,-0.201
23.,3052.8,0.038,-5.89,-0.212
23.,3052.7,0.029,-6.18,-0.223
23.,3052.5,0.019,-6.48,-0.233
23.,3052.3,0.008,-6.77,-0.244
23.,3052.1,-0.00,-7.07,-0.255
23.,3051.8,-0.01,-7.37,-0.265
23.,3051.6,-0.03,-7.66,-0.276
23.,3051.4,-0.05,-7.96,-0.287
23.,3051.1,-0.06,-8.25,-0.297
24.,3050.9,-0.08,-8.55,-0.308
24.,3050.6,-0.11,-8.84,-0.318
24.,3050.4,-0.13,-9.14,-0.329
24.,3050.1,-0.15,-9.44,-0.340
24.,3049.8,-0.18,-9.73,-0.350
24.,3049.5,-0.21,-10.0,-0.361
24.,3049.2,-0.24,-10.3,-0.371
24.,3048.9,-0.28,-10.6,-0.381
24.,3048.6,-0.31,-10.9,-0.392
24.,3048.2,-0.35,-11.2,-0.402
24.,3047.9,-0.39,-11.5,-0.412
24.,3047.5,-0.44,-11.8,-0.423
24.,3047.2,-0.48,-12.1,-0.433
24.,3046.8,-0.53,-12.4,-0.443
24.,3046.4,-0.58,-12.7,-0.453
24.,3046.0,-0.64,-13.0,-0.463
24.,3045.6,-0.69,-13.3,-0.473
24.,3045.2,-0.75,-13.6,-0.483
24.,3044.8,-0.82,-13.9,-0.493
24.,3044.4,-0.88,-14.2,-0.503
24.,3044.0,-0.95,-14.4,-0.513
24.,3043.5,-1.02,-14.7,-0.523
24.,3043.1,-1.10,-15.0,-0.532
24.,3042.6,-1.17,-15.3,-0.542
24.,3042.2,-1.25,-15.6,-0.551
24.,3041.7,-1.34,-15.9,-0.561
24.,3041.2,-1.42,-16.2,-0.570
24.,3040.7,-1.51,-16.5,-0.579
24.,3040.2,-1.60,-16.8,-0.588
24.,3039.7,-1.70,-17.1,-0.597
24.,3039.2,-1.80,-17.4,-0.606
24.,3038.6,-1.90,-17.7,-0.615
24.,3038.1,-2.00,-18.0,-0.624
24.,3037.6,-2.11,-18.3,-0.632
25.,3037.0,-2.22,-18.6,-0.640
25.,3036.4,-2.33,-18.9,-0.649
25.,3035.9,-2.45,-19.2,-0.657
25.,3035.3,-2.56,-19.5,-0.665
25.,3034.7,-2.68,-19.8,-0.673
25.,3034.1,-2.80,-20.1,-0.681
25.,3033.5,-2.93,-20.4,-0.688
25.,3032.9,-3.05,-20.7,-0.696
25.,3032.2,-3.18,-21.0,-0.703
25.,3031.6,-3.31,-21.3,-0.710
25.,3031.0,-3.44,-21.6,-0.718
25.,3030.3,-3.57,-21.9,-0.725
25.,3029.6,-3.71,-22.2,-0.731
25.,3029.0,-3.84,-22.5,-0.738
25.,3028.3,-3.97,-22.8,-0.744
25.,3027.6,-4.11,-23.1,-0.751
25.,3026.9,-4.24,-23.4,-0.757
25.,3026.2,-4.38,-23.7,-0.763
25.,3025.5,-4.51,-24.0,-0.769
25.,3024.8,-4.65,-24.3,-0.775
25.,3024.0,-4.78,-24.6,-0.780
25.,3023.3,-4.91,-24.9,-0.786
25.,3022.5,-5.04,-25.1,-0.791
25.,3021.8,-5.17,-25.4,-0.796
25.,3021.0,-5.30,-25.7,-0.801
25.,3020.2,-5.44,-26.0,-0.806
25.,3019.4,-5.56,-26.3,-0.811
25.,3018.6,-5.68,-26.6,-0.815
25.,3017.8,-5.79,-26.9,-0.820
25.,3017.0,-5.91,-27.2,-0.824
25.,3016.2,-6.01,-27.5,-0.828
25.,3015.4,-6.11,-27.8,-0.832
25.,3014.5,-6.21,-28.1,-0.836
26.,3013.7,-6.31,-28.4,-0.840
26.,3012.8,-6.40,-28.7,-0.844
26.,3011.9,-6.48,-29.0,-0.848
26.,3011.1,-6.56,-29.3,-0.851
26.,3010.2,-6.63,-29.6,-0.855
26.,3009.3,-6.70,-29.9,-0.858
26.,3008.4,-6.76,-30.1,-0.862
26.,3007.5,-6.82,-30.4,-0.865
26.,3006.6,-6.87,-30.7,-0.868
26.,3005.6,-6.91,-31.0,-0.871
26.,3004.7,-6.95,-31.3,-0.875
26.,3003.8,-6.98,-31.6,-0.878
26.,3002.8,-7.00,-31.9,-0.881
26.,3001.8,-7.02,-32.2,-0.884
26.,3000.9,-7.03,-32.5,-0.887
26.,2999.9,-7.04,-32.8,-0.890
26.,2998.9,-7.04,-33.1,-0.893
26.,2997.9,-7.04,-33.4,-0.895
26.,2996.9,-7.03,-33.6,-0.898
26.,2995.9,-7.01,-33.9,-0.901
26.,2994.9,-6.99,-34.2,-0.904
26.,2993.8,-6.96,-34.5,-0.907
26.,2992.8,-6.93,-34.8,-0.910
26.,2991.7,-6.89,-35.1,-0.913
26.,2990.7,-6.85,-35.4,-0.916
26.,2989.6,-6.81,-35.7,-0.919
26.,2988.5,-6.76,-35.9,-0.922
26.,2987.4,-6.71,-36.2,-0.925
26.,2986.4,-6.66,-36.5,-0.929
26.,2985.3,-6.61,-36.8,-0.932
26.,2984.1,-6.55,-37.1,-0.935
26.,2983.0,-6.50,-37.4,-0.939
26.,2981.9,-6.44,-37.6,-0.942
27.,2980.8,-6.38,-37.9,-0.945
27.,2979.6,-6.33,-38.2,-0.949
27.,2978.5,-6.27,-38.5,-0.952
27.,2977.3,-6.22,-38.8,-0.956
27.,2976.1,-6.17,-39.1,-0.960
27.,2975.0,-6.12,-39.3,-0.964
27.,2973.8,-6.07,-39.6,-0.967
27.,2972.6,-6.03,-39.9,-0.971
27.,2971.4,-5.98,-40.2,-0.975
27.,2970.2,-5.95,-40.5,-0.979
27.,2968.9,-5.91,-40.8,-0.983
27.,2967.7,-5.88,-41.1,-0.987
27.,2966.5,-5.86,-41.3,-0.991
27.,2965.2,-5.84,-41.6,-0.995
27.,2964.0,-5.83,-41.9,-1.000
27.,2962.7,-5.82,-42.2,-1.004
27.,2961.4,-5.81,-42.5,-1.008
27.,2960.2,-5.81,-42.8,-1.012
27.,2958.9,-5.82,-43.1,-1.016
27.,2957.6,-5.83,-43.3,-1.021
27.,2956.3,-5.85,-43.6,-1.025
27.,2955.0,-5.87,-43.9,-1.029
27.,2953.6,-5.90,-44.2,-1.033
27.,2952.3,-5.94,-44.5,-1.037
27.,2951.0,-5.98,-44.8,-1.041
27.,2949.6,-6.02,-45.1,-1.045
27.,2948.3,-6.08,-45.4,-1.049
27.,2946.9,-6.13,-45.6,-1.053
27.,2945.5,-6.20,-45.9,-1.057
27.,2944.1,-6.27,-46.2,-1.061
27.,2942.7,-6.34,-46.5,-1.064
27.,2941.3,-6.42,-46.8,-1.068
27.,2939.9,-6.50,-47.1,-1.072
27.,2938.5,-6.59,-47.4,-1.075
28.,2937.1,-6.68,-47.7,-1.078
28.,2935.6,-6.77,-47.9,-1.081
28.,2934.2,-6.87,-48.2,-1.084
28.,2932.8,-6.97,-48.5,-1.087
28.,2931.3,-7.07,-48.8,-1.090
28.,2929.8,-7.18,-49.1,-1.093
28.,2928.3,-7.28,-49.4,-1.096
28.,2926.9,-7.38,-49.7,-1.098
28.,2925.4,-7.49,-50.0,-1.100
28.,2923.9,-7.59,-50.2,-1.103
28.,2922.3,-7.69,-50.5,-1.105
28.,2920.8,-7.79,-50.8,-1.107
28.,2919.3,-7.88,-51.1,-1.109
28.,2917.8,-7.97,-51.4,-1.110
28.,2916.2,-8.06,-51.7,-1.112
28.,2914.6,-8.13,-52.0,-1.114
28.,2913.1,-8.21,-52.2,-1.115
28.,2911.5,-8.27,-52.5,-1.116
28.,2909.9,-8.33,-52.8,-1.118
28.,2908.3,-8.38,-53.1,-1.119
28.,2906.7,-8.43,-53.4,-1.120
28.,2905.1,-8.46,-53.7,-1.121
28.,2903.5,-8.49,-53.9,-1.122
28.,2901.9,-8.50,-54.2,-1.123
28.,2900.3,-8.51,-54.5,-1.124
28.,2898.6,-8.51,-54.8,-1.125
28.,2897.0,-8.50,-55.1,-1.127
28.,2895.3,-8.48,-55.4,-1.128
28.,2893.6,-8.45,-55.6,-1.129
28.,2892.0,-8.41,-55.9,-1.130
28.,2890.3,-8.37,-56.2,-1.131
28.,2888.6,-8.32,-56.5,-1.132
28.,2886.9,-8.26,-56.8,-1.133
29.,2885.2,-8.20,-57.0,-1.134
29.,2883.5,-8.13,-57.3,-1.136
29.,2881.7,-8.06,-57.6,-1.137
29.,2880.0,-7.98,-57.9,-1.138
29.,2878.3,-7.90,-58.1,-1.140
29.,2876.5,-7.83,-58.4,-1.141
29.,2874.8,-7.75,-58.7,-1.143
29.,2873.0,-7.67,-59.0,-1.145
29.,2871.2,-7.60,-59.2,-1.147
29.,2869.4,-7.52,-59.5,-1.149
29.,2867.7,-7.45,-59.8,-1.151
29.,2865.9,-7.39,-60.1,-1.153
29.,2864.0,-7.32,-60.3,-1.155
29.,2862.2,-7.27,-60.6,-1.157
29.,2860.4,-7.22,-60.9,-1.159
29.,2858.6,-7.17,-61.2,-1.162
29.,2856.7,-7.14,-61.4,-1.164
29.,2854.9,-7.10,-61.7,-1.166
29.,2853.0,-7.08,-62.0,-1.169
29.,2851.2,-7.07,-62.3,-1.171
29.,2849.3,-7.06,-62.6,-1.174
29.,2847.4,-7.06,-62.8,-1.176
29.,2845.5,-7.06,-63.1,-1.179
29.,2843.6,-7.08,-63.4,-1.182
29.,2841.7,-7.10,-63.7,-1.184
29.,2839.8,-7.13,-64.0,-1.187
29.,2837.9,-7.17,-64.2,-1.189
29.,2835.9,-7.21,-64.5,-1.191
29.,2834.0,-7.26,-64.8,-1.194
29.,2832.0,-7.32,-65.1,-1.196
29.,2830.1,-7.38,-65.3,-1.198
29.,2828.1,-7.45,-65.6,-1.200
29.,2826.1,-7.52,-65.9,-1.202
30.,2824.2,-7.60,-66.2,-1.204
30.,2822.2,-7.68,-66.5,-1.206
