0.03,2.3850225479768388,4.405611511573636,0.1321683453472091,1.3962634015954636
0.06,2.3999125254794285,31.698943600180417,1.0831366533526214,1.3962634015954636
0.09,2.4614260530211167,67.57257901830529,3.1103140239017804,1.3962634015954636
0.12,2.588172621652695,75.21809251692295,5.366856799409469,1.3962634015954636
0.15,2.7839392692272615,76.84409549231488,7.672179664178915,1.3962634015954636
0.18,3.0476954352816708,74.19629070759447,9.898068385406749,1.3962634015954636
0.21,3.3770118185640445,71.49113413357475,12.04280240941399,1.3962634015954636
0.24,3.7695615247942658,69.27666339355284,14.121102311220575,1.3962634015954636
0.27,4.224138588059193,68.6867418257993,16.181704565994554,1.3962634015954636
0.3,4.740323490908761,68.21905111134774,18.228276099334984,1.3962634015954636
0.32999999999999996,5.3176939225857,67.74828160537123,20.26072454749612,1.3962634015954636
0.36,5.955824822811291,67.27448026365079,22.278958955405646,1.3962634015954636
0.39,6.654288422656984,66.797691142803,24.28288968968974,1.3962634015954636
0.42,7.41265428318606,66.26867165399084,26.270949839309466,1.3962634015954636
0.44999999999999996,8.230312257592391,65.54069543647486,28.237168384264983,1.3962629020966837
0.48,9.106739084488634,65.0837729435833,30.189666711660504,1.3962599531102415
0.51,10.041667536656071,64.97535029815637,32.13888488348572,1.3962521633985825
0.54,11.035071191662542,64.97362930264917,34.088004541824354,1.3962368590782424
0.57,12.0869462792707,64.97090447812815,36.03697129332803,1.3962110913903512
0.6,13.197301088228425,65.0057235646087,37.98688216721948,1.3961716800124973
0.63,14.366157844597934,65.01294410297378,39.936874709257125,1.3961152372787253
0.6599999999999999,15.59351170245084,65.01257156128622,41.88668054115673,1.3960380912990413
0.69,16.879356305405654,65.01207191385366,43.836249344532376,1.3959363642949403
0.72,18.22368379038187,65.01165282090554,45.78553102488028,1.3958060012404168
0.75,19.626486135393574,65.01598936182428,47.73460975029599,1.3956428040146747
0.78,21.087759197286026,65.02531516710044,49.683570835004936,1.3954424713732343
0.8099999999999999,22.607498732522604,65.03539049555009,51.6323667976771,1.3952006451387484
0.84,24.18569908629715,65.04641809434911,53.580951049656676,1.3949129629620607
0.87,25.822353220256556,65.05858322260794,55.529277943975,1.3945751177199062
0.8999999999999999,27.517452740329063,65.07204456917464,57.477302729440126,1.3941829235378551
0.9299999999999999,29.27098792146039,65.08692396524523,59.42498138665399,1.3937323882728745
0.96,31.08294772537685,65.10329498044217,61.372270323374885,1.393219792100773
0.99,32.95332239309,65.13266965037604,63.31947088099647,1.3926417716149562
1.02,34.882126744638384,65.20092896693859,65.26766192388426,1.391995408180985
1.05,36.869392458056346,65.2734994464455,67.21688785330649,1.3912783193888496
1.08,38.91514992262159,65.34726239318076,69.16710432440412,1.3904887538247621
1.1099999999999999,41.019428144362806,65.42185996494692,71.11826326764483,1.389625686922923
1.14,43.1822546160367,65.49681423862438,73.07031165726286,1.3886889157311333
1.17,45.40365514933362,65.5715205077818,75.0231902363509,1.3876791503511197
1.2,47.68365366915969,65.6452444367227,76.97683227849504,1.3865980995081368
1.23,50.02227197253481,65.71712407269246,78.93116248521567,1.3854485474120204
1.26,52.41952945788612,65.78617767453997,80.88609613545607,1.3842344188039843
1.29,54.87544283420827,65.8513182044329,82.84153861602057,1.3829608288529853
1.3199999999999998,57.39002582352961,65.91137510673373,84.79738546709443,1.3816341143878654
1.3499999999999999,59.96328887410657,65.96512368902988,86.75352307253713,1.3802618428449775
1.38,62.595238905448774,66.01132202206105,88.70983010837841,1.3788527952969172
1.41,65.28587910925789,66.04875476451726,90.66617983223433,1.3774169200309205
1.44,68.03520883219225,66.07628275295559,92.62244325050752,1.3759652533914393
1.47,70.84322356631115,66.09289413860786,94.57849306541155,1.374509805003581
1.5,73.70990306128931,66.05773814298703,96.53300767919794,1.3730634023173962
1.53,76.63517553467683,65.97010501585821,98.48467382018049,1.3716394926907938
1.56,79.61895402548127,65.86965284763401,100.43339448353039,1.370251909503773
1.5899999999999999,82.66114900121204,65.75643757266555,102.37909615193188,1.3689146014741185
1.6199999999999999,85.7616691414448,65.63087689250806,104.32173393313575,1.3676413274854833
1.65,88.92042226180662,65.49376286778036,106.2612957025854,1.3664453216444972
1.68,92.13731634123822,65.34625731418687,108.19780476739199,1.3653389352422933
1.71,95.41226060138203,65.18986915827851,110.13132061110333,1.3643332642962132
1.74,98.74516657511491,65.0264145287732,112.06193738006056,1.3634377733155414
1.77,102.13594909321917,64.8579618004275,113.98977992341646,1.3626599277570441
1.7999999999999998,105.58452711539985,64.6867652728274,115.91499739682999,1.3620048491871108
1.8299999999999998,109.09082433563222,64.51519248847201,117.83775467523141,1.361475008323144
1.8599999999999999,112.65476950283703,64.34565068513103,119.75822206230998,1.361069971770909
1.89,116.27629641594056,64.18051773652095,121.67656400852997,1.360786218304863
1.92,119.95534357659295,64.02208212134383,123.59292772927975,1.3606170398750133
1.95,123.69185351124477,63.87249450566508,125.50743271013997,1.3605525411073198
1.98,127.48577180398539,63.72921249289799,127.42002651958569,1.360579748854372
2.01,131.33701743678998,63.53975824748835,129.32898688299653,1.3606828401174065
2.04,135.24546919145124,63.34621809901855,131.2337627041656,1.36084349287272
2.07,139.21100083693636,63.167943600452006,133.13430060757517,1.3610413616965131
2.1,143.23348393090862,63.00593033612098,135.03050751375923,1.3612546720726526
2.13,147.3127867332718,62.8608302349672,136.92225815076952,1.3614609216585305
2.16,151.44877337492755,62.73284775898735,138.80940382511824,1.3616376732980708
2.19,155.64130326997127,62.62158365273417,140.69178010267652,1.3617634070625295
2.2199999999999998,159.8902307604836,62.52594290311479,142.5692144188612,1.36181839793653
2.25,164.19540496269528,62.44401330371808,144.44153165361664,1.3617855834996082
2.28,168.55666973837276,62.372962577727705,146.30855682686737,1.3616513788706333
2.31,172.9738637012581,62.30898397004802,148.17011477194015,1.3614063935452474
2.34,177.4468201743917,62.2473175207401,150.02602733723782,1.3610460044880879
2.37,181.9753670409902,62.18237050006668,151.87610933814753,1.3605707423896893
2.4,186.55932647615174,62.10795086941864,153.7201649677485,1.3599864535807127
2.4299999999999997,191.19851460137383,62.01761342401306,155.55798654554908,1.359304208721725
2.46,195.892741157962,61.90510141329779,157.3893572603013,1.3585399408464525
2.4899999999999998,200.64180318469363,61.73749766396182,159.21323838656295,1.357713809252177
2.52,205.4454297356984,61.44881240447768,161.02675393172984,1.3568493015735195
2.55,210.30330085361305,61.11832731848634,162.8295157421832,1.3559721029441822
2.58,215.21509173147754,60.75219722306145,164.62138646774937,1.355108772917307
2.61,220.180474333497,60.351960813150505,166.40229077389094,1.3542852990870649
2.6399999999999997,225.19911945824694,59.921398744713834,168.17222758688513,1.3535256120097112
2.67,230.2706990366294,59.4662875352627,169.93127317839804,1.3528501460729507
2.6999999999999997,235.39488837392597,58.993998406788705,171.679574219774,1.352274545082323
2.73,240.57136802968992,58.51296151144751,173.4173307365404,1.3518086069274238
2.76,245.79982505625358,58.03205876034108,175.14477086382976,1.351455554783848
2.79,251.07995340038883,57.56001190999068,176.86212101043395,1.3512117067952505
2.82,256.41145339879654,57.10482273852621,178.5695760916614,1.3510665933431347
2.85,261.79403044153577,56.673300896153854,180.26727455532068,1.3510035419676767
2.88,267.22739300674885,56.27068984614738,181.9552819287337,1.3510007165270301
2.9099999999999997,272.7112503560368,55.900380919033424,183.6335847809817,1.3510325615728518
2.94,278.24531020378294,55.56369895192786,185.3020948414235,1.3510715676449552
2.9699999999999998,283.82927664031814,55.25975105869421,186.96066118307562,1.3510902427556464
3.0,289.462858586172,55.0189886940427,188.6100963875541,1.3510631490293983
3.03,295.145798936154,54.83581458350922,190.2511811633691,1.3509688416717736
3.06,300.87784345695184,54.66867950487819,191.8836648877135,1.3507915508339103
3.09,306.6587302004516,54.507850995245946,193.50728504905038,1.3505224553327433
3.12,312.4881892415271,54.34232524111457,195.12177327338316,1.3501604215832996
3.15,318.3659425871017,54.160689631993854,196.72686121238138,1.3497121195188375
3.1799999999999997,324.29170429780663,53.95219257516472,198.32228927757237,1.3491914773844702
3.21,330.2651809415243,53.707904126190954,199.90782020766247,1.3486184950624387
3.2399999999999998,336.28607252754244,53.42180298235236,201.48325731031036,1.3480174959824929
3.27,342.35407402550135,53.09160296014,203.04846443503143,1.347414954679204
3.3,348.4688774467742,52.719165970716574,204.6033828829183,1.3468370881700704
3.33,354.63017433590886,52.31045565985602,206.14804076233284,1.346307423784973
3.36,360.8376583526238,51.874920465151774,207.68254910199374,1.3458445882113916
3.3899999999999997,367.09102751533396,51.42446033270798,209.20708323117245,1.3454605380946874
3.42,373.3899856903372,50.97212626640623,210.72185180577154,1.3451594258907056
3.4499999999999997,379.73424303475946,50.530736861102326,212.22705918763955,1.3449372370046422
3.48,386.1235153056797,50.103558497132546,213.72262803773242,1.3447822592384717
3.51,392.55747164783,49.60305273976757,215.20552499702282,1.3446763586939656
3.54,399.0357106216249,49.10669081553303,216.6747978452964,1.344596947328522
3.57,405.55782257811336,48.647944744921354,218.13037129383932,1.3445194474901363
3.5999999999999996,412.12339444337937,48.22411593371262,219.57209460745307,1.3444199886279373
3.63,418.732007692045,47.82855084524609,220.99975819220379,1.34427804406096
3.6599999999999997,425.3832368665095,47.45118864960277,222.41311267914443,1.3440786926228225
3.69,432.0766486660262,47.079501125533874,223.81188755651115,1.3438142394449062
3.7199999999999998,438.8118015773522,46.6998212950659,225.1958087120338,1.3434849899893035
3.75,445.58824602935005,46.29896679219026,226.56461607604268,1.3430990699432452
3.78,452.4055250959663,45.86596677264041,227.91808265503968,1.3426712985985823
3.81,459.2631757895947,45.39362489680382,229.25603463415771,1.3422212426734306
3.84,466.16073093979077,44.879621262210215,230.57836932348332,1.3417706828061713
3.8699999999999997,473.09772151185314,44.326905458143045,231.8850664585685,1.3413408276542245
3.9,480.0736791199391,43.743368999786746,233.1761880938049,1.3409495955131034
3.9299999999999997,487.0881383006826,43.140656887438176,234.45186335500475,1.3406093640366727
3.96,494.1406381260869,42.53248853430117,235.71225989300072,1.340325469293157
3.9899999999999998,501.2307198411567,41.91945772233701,236.95714985859507,1.3400956664551247
4.02,508.3578995434713,41.283866192714974,238.1853778806531,1.3399106295900305
4.05,515.5216757175176,40.67427188908813,239.3969209968421,1.339755423593984
4.08,522.72154800822,40.09830253395492,240.59177897107037,1.339611743552487
4.109999999999999,529.9570148895507,39.55536402717473,241.76987500990862,1.339460593951171
4.14,537.2275715081307,39.040035378917665,242.93106673173222,1.3392850309367852
4.17,544.532707988768,38.54284097721255,244.07516520462215,1.3390725582038454
4.2,551.8719083645734,38.051573631673406,245.20195705416904,1.338816818612635
4.2299999999999995,559.2446501905762,37.55307736077275,246.31122760752757,1.3385183360273756
4.26,566.6504048498713,37.03526367071475,247.40278377179203,1.3381841994756418
4.29,574.0886385296527,36.489049732553255,248.47647556788317,1.3378267475030359
4.32,581.5588137907497,35.909832839665086,249.53221366077784,1.33746147588349
4.35,589.0603915935133,35.29835815890601,250.56998161455772,1.3371044775804686
4.38,596.592833476491,34.66039678778101,251.5898332990422,1.3367698652413929
4.41,604.1556035227188,34.005774318907434,252.59188125014367,1.336467595960481
4.4399999999999995,611.7481697652651,33.34659676339324,253.5762714483428,1.336202007795137
4.47,619.3700047275554,32.69515165959371,254.5431519709243,1.3359713287584787
4.5,627.0205884186697,32.073198451294324,255.49298252320511,1.3357682158671036
4.53,634.699417295613,31.487600149425084,256.4261701858875,1.33558121398714
4.56,642.4059922968064,30.929394830345995,257.34271971358993,1.335396866205812
4.59,650.139813590404,30.396203920075166,258.24257621849966,1.335202098003903
4.62,657.9003789524148,29.88140340745528,259.1256379151506,1.3349864633403976
4.6499999999999995,665.6871826349396,29.37536155534589,259.9917751418068,1.334743844619535
4.68,673.4997148590589,28.867181354407442,260.84085257114367,1.3344733322483866
4.71,681.3374619834524,28.346688168382933,261.6727515838353,1.3341791421414417
4.74,689.1999073145334,27.80629946235782,262.4873902401271,1.3338696124348566
4.77,697.0865324416673,27.242390792321025,263.2847377908269,1.333555492670326
4.8,704.9968189068351,26.65595946304426,264.0648221439337,1.3332478478177285
4.83,712.9302499196782,26.052251224028343,264.8277249821294,1.3329559881072641
4.859999999999999,720.8863117899404,25.439647876126404,265.57356821832957,1.332685824758352
4.89,728.8644948153105,24.82794774900989,266.30249178465374,1.3324389222920314
4.92,736.8642934492361,24.22643752863146,267.01462884631167,1.3322124210651378
4.95,744.8852057605277,23.642155032915124,267.71008430450314,1.3319998118892624
4.9799999999999995,752.9267323539459,23.072813262371078,268.38874649365135,1.3317923915195358
5.01,760.988342637015,22.466318085087376,269.048907777373,1.331581046831768
5.04,769.0694920406476,21.906722074415576,269.6914681462266,1.3313580715726177
5.069999999999999,777.1696554248344,21.360219086759205,270.31649696131177,1.3311186251349254
5.1,785.2883059447596,20.814551227349966,270.9239344661542,1.3308615227887979
5.13,793.4249150632286,20.261912527713143,271.5137305135894,1.3305892629784266
5.16,801.5789530909694,19.69652548635969,272.0858607391414,1.330307307736543
5.1899999999999995,809.749890136656,19.11573856362224,272.6403371875182,1.3300228008275858
5.22,817.9371972856813,18.520514693207193,273.17721296136835,1.329742999651708
5.25,826.1403477647472,17.915009292736745,273.69657609859996,1.3294737599513482
5.279999999999999,834.3588178273059,17.30555257465626,274.1985378769362,1.3292184132313922
5.31,842.5920872009832,16.699212055149317,274.683215668312,1.3289772169014704
5.34,850.8396390027453,16.102257413354135,275.15071539156156,1.3287474842855547
5.37,859.1009591744983,15.518878587358953,275.6011176379521,1.3285243310464743
5.3999999999999995,867.3755356011919,14.95043820972169,276.03447118281287,1.3283018474470216
5.43,875.6628571459321,14.395329645289783,276.4507925981657,1.3280744055778082
5.46,883.9624127756891,13.849431012159515,276.85007435198895,1.327837874208112
5.49,892.2736609783767,13.173663465618816,277.22829073600394,1.3275903974006964
5.52,900.5957593393388,12.062429962156564,277.5724216986458,1.327332648599606
5.55,908.9276557994682,10.912564235750981,277.88150621667296,1.3270675136246455
5.58,917.268299888699,9.75497583026136,278.1556102789435,1.3267992970238314
5.609999999999999,925.6166435212261,8.589599694627134,278.39482724749615,1.3265326976362126
5.64,933.9716418443195,7.418904859759285,278.5992780474376,1.326271716576008
5.67,942.3322539160723,6.247017862012512,278.76910096299963,1.326018803959606
5.7,950.6974430734952,5.078751046656766,278.90444095849574,1.3257744234142639
5.7299999999999995,959.0661769507476,3.91848223798767,279.00543772481535,1.3255370814492073
5.76,967.4374271685922,2.7692009752747686,279.0722159907037,1.325303796179881
5.79,975.8101734973753,1.6528495828418044,279.1055077528606,1.3250708707174417
5.819999999999999,984.1834455174289,0.6153304887519362,279.10742997604865,1.3248347357769068
5.85,992.5563077995339,-0.40885423885564154,279.0782015665992,1.3245927889885198
5.88,1000.9278266628038,-1.428525497894493,279.0178780276828,1.3243438766552913
5.91,1009.2970701014605,-2.4473466158032364,278.9265169819934,1.324088440738486
5.9399999999999995,1017.6631079743886,-3.4681902684222568,278.80418625638424,1.3238282910711365
5.97,1026.0250124054576,-4.49251190221021,278.65096940992845,1.3235660764810695
6.0,1034.3818582579509,-5.520270577288461,278.46696603727247,1.3233046507583388
6.029999999999999,1042.732723658338,-6.549740416624453,278.2522927753423,1.3230463704601736
6.06,1051.076690374499,-7.5782968929406875,278.00707499633313,1.322792596522274
6.09,1059.4128439953133,-8.602983509574372,277.73144081604346,1.3225434699884935
6.12,1067.7402739035613,-9.621215799218499,277.42551399834247,1.3222979708625462
6.1499999999999995,1076.058073056383,-10.631345404756386,277.0894086913119,1.3220542419190693
6.18,1084.3653376826703,-11.604482938449866,276.7240777151317,1.3218100285157122
6.21,1092.661345135016,-12.20229863285519,276.34063688600475,1.321563261623842
6.24,1100.9456291079111,-12.682387927235405,275.9425166964697,1.3213124842016108
6.27,1109.2177495861215,-13.160346542688679,275.52974130721054,1.3210571147793646
6.3,1117.4772672853226,-13.638317813471689,275.10233610847826,1.3207975022462213
6.33,1125.7237437595384,-14.117918979219183,274.66033221768413,1.3205347669493321
6.359999999999999,1133.9567416229656,-14.599927854166076,274.2037689178198,1.3202704787705404
6.39,1142.1758247746222,-15.084328672851909,273.7326944669651,1.3200063310277192
6.42,1150.3805587507097,-15.569903894994571,273.2471667661423,1.3197436370804627
6.45,1158.570510851541,-16.05523524694981,272.74724639461584,1.3194831445295976
6.4799999999999995,1166.7452502257293,-16.538666010725084,272.23299505695485,1.3192249096740636
6.51,1174.904347835431,-17.0187802209564,271.7044713564326,1.3189683382656128
6.54,1183.0473763585342,-17.494460719610924,271.1617310113554,1.3187123145172288
6.569999999999999,1191.1739099322442,-17.965813296211987,270.6048148618803,1.3184555522777266
6.6,1199.283523907876,-18.433227189241332,270.03376394265086,1.3181969317812343
6.63,1207.3757947690085,-18.897569504089578,269.44861271340795,1.3179356083596687
6.66,1215.450299988009,-19.35973429409513,268.8494017180306,1.317671206587102
6.6899999999999995,1223.5066292536271,-19.78596338488353,268.2372196175034,1.3174038575968066
6.72,1231.5444134627458,-20.180173471296325,267.61306749570906,1.3171341240620764
6.75,1239.5632937863934,-20.575731622814804,266.97696399491394,1.3168628388059695
6.779999999999999,1247.5629120140927,-20.972634086567467,266.3289310942263,1.316590884057735
6.81,1255.5429105685707,-21.370771946857385,265.6689906681068,1.3163190966451102
6.84,1263.5029326594404,-22.310543638760084,264.98092962687707,1.316047984067242
6.87,1271.440761300605,-25.124012890496033,264.20854684996976,1.3157776611754561
6.8999999999999995,1279.355498944024,-24.94811106612576,263.4415123802062,1.3155078830932077
6.93,1287.2473044625729,-24.77429680698943,262.67971925057634,1.3152380123023486
6.96,1295.116333410497,-24.602584238989703,261.9230568089081,1.3149673601701
6.989999999999999,1302.9627381120258,-24.432845925974057,261.1714183138627,1.3146952356142347
7.02,1310.78666768325,-24.26538166433237,260.4246971460631,1.31442107703243
7.05,1318.5882680651357,-24.10067824978755,259.68278845564913,1.3141445595205015
7.08,1326.3676820957216,-23.939276182100517,258.9455904362607,1.3138656388736456
7.109999999999999,1334.1250496195937,-23.781635792786535,258.2130055013232,1.313584535500683
7.14,1341.860507628379,-23.628033740777113,257.48494114403593,1.313301667817377
7.17,1349.5741904203264,-23.47850534923621,256.76131033571266,1.313017552737631
7.199999999999999,1357.2662297647216,-23.332834336664725,256.04203146930234,1.3127326940380093
7.2299999999999995,1364.936755061275,-23.190566102259595,255.32702812927505,1.3124474731054827
7.26,1372.5858934392768,-23.05132428917598,254.6162247178741,1.3121621180452538
7.29,1380.2137698717897,-22.914396042148113,253.9095529161292,1.3118766487844618
7.319999999999999,1387.8205071998523,-22.77961096753695,253.20693980198087,1.3115909408598343
7.35,1395.406226177346,-22.646522347657406,252.50831835556608,1.3113047575595902
7.38,1402.9710455460406,-22.514861570791606,251.8136213112004,1.311017737164801
7.41,1410.5150820269366,-22.38457591735276,251.12278128256793,1.3107294907474654
7.4399999999999995,1418.0384503223615,-22.255777039255744,250.43573114512645,1.3104396814934642
7.47,1425.5412631307568,-22.128689015456903,249.7524045222516,1.3101480828640633
7.5,1433.0236311779777,-22.003584998002523,249.0727363869708,1.3098546104262052
7.529999999999999,1440.485663267046,-21.880722567207208,248.39666367095165,1.3095593248862036
7.56,1447.9274663448434,-21.76028873161522,247.72412576750787,1.3092624087050406
7.59,1455.3491455811354,-21.64236323759997,247.05506483965098,1.3089641229896634
7.62,1462.7508044532613,-21.526904827299937,246.3894258854963,1.3086647541560665
7.6499999999999995,1470.1325448290395,-21.413760993103534,245.72715655587,1.308364560856822
7.68,1477.4944670407792,-21.302698549259755,245.06820675242395,1.308063731067911
7.71,1484.8366699449964,-21.193447193914825,244.41252810061258,1.3077623567746428
7.739999999999999,1492.1592509667605,-21.085739946823047,243.76007347858373,1.3074604277476056
7.77,1499.4623061315797,-20.979343203522614,243.11079664382905,1.3071578404815392
7.8,1506.745930086253,-20.874085125609277,242.4646518697975,1.3068544203328243
7.83,1514.0102161100601,-20.769876414331065,241.8215936888166,1.3065499549539934
7.859999999999999,1521.2552561211364,-20.666713488378704,241.1815768315358,1.3062442324359576
7.89,1528.4811406837546,-20.56466552448161,240.54455633960163,1.3059370764323028
7.92,1535.687959020926,-20.463850413396393,239.9104877986855,1.3056283723301727
7.949999999999999,1542.8757990350332,-20.364405118920494,239.2793276306647,1.3053180808716371
7.9799999999999995,1550.0447473373806,-20.266455869086805,238.65103338649163,1.305006238139835
8.01,1557.1948892858416,-20.170093114942617,238.02556398541705,1.3046929431571885
8.04,1564.3263090283704,-20.075354862606783,237.4028798618349,1.3043783362645187
8.07,1571.43908954925,-19.98222029227255,236.78294299894398,1.3040625726452286
8.1,1578.5333127146257,-19.890613735921,236.16571684921243,1.3037457957571021
8.129999999999999,1585.609059314154,-19.80041740109999,235.55116615953722,1.3034281150096707
8.16,1592.6664090964318,-19.711489599091202,234.9392567383845,1.3031095908607193
8.19,1599.7054407971086,-19.623684603998527,234.3299552073759,1.3027902288130233
8.219999999999999,1606.726232159746,-19.536871040623485,233.7232287704914,1.302469982215209
8.25,1613.7288599502967,-19.450946853015026,233.11904502284946,1.3021487626847774
8.28,1620.7133999667094,-19.36584908915921,232.51737182053188,1.3018264561266606
8.31,1627.6799270457605,-19.281557040391345,231.91817722707432,1.3015029415257549
8.34,1634.6285150694584,-19.19808865431994,231.32142953758026,1.3011781093977794
8.37,1641.559236973183,-19.115491294671386,230.72709736685934,1.3008518770295534
8.4,1648.4721647571494,-19.033828886563093,230.13514977900138,1.3005241984301847
8.43,1655.367369502046,-18.95316775036642,229.5455564314463,1.3001950679111427
8.459999999999999,1662.2449213888813,-18.87356344349872,228.9582877076242,1.2998645173122403
8.49,1669.1048897223643,-18.795050463675203,228.37331481684103,1.2995326078378848
8.52,1675.947342956598,-18.71763609133291,227.79060984689258,1.2991994181878752
8.549999999999999,1682.7723487215537,-18.641298912610868,227.2101457633488,1.2988650310720493
8.58,1689.57997384875,-18.56599177263107,226.6318963582893,1.2985295202381995
8.61,1696.3702843947524,-18.491648296003092,226.05583615840283,1.298192939865399
8.64,1703.1433456615036,-18.418191620034104,225.4819403085015,1.2978553176455614
8.67,1709.8992222129978,-18.34554385196746,224.91018444698517,1.297516652187737
8.7,1716.6379778882967,-18.273634937199297,224.34054458891876,1.2971769147462802
8.73,1723.3596758113445,-18.202409684883865,223.7729970314273,1.2968360546612703
8.76,1730.0643783983792,-18.131832253855354,223.2075182893282,1.2964940074534015
8.79,1736.7521473639467,-18.061887644298515,222.64408506674528,1.2961507042544402
8.82,1743.4230437266149,-17.99258015276726,222.08267426497775,1.2958060811352816
8.85,1750.0771278153932,-17.92392931171212,221.52326302043573,1.295460087027578
8.879999999999999,1756.7144592776315,-17.85596408997518,220.96582876347065,1.295112689248267
8.91,1763.3350970888523,-17.788716321158525,220.4103492865729,1.294763876054331
8.94,1769.939099564625,-17.722214339731746,219.8568028103983,1.2944136561210506
8.969999999999999,1776.5265243742574,-17.656477665749524,219.3051680375386,1.294062055264085
9.0,1783.0974285558152,-17.591513396268574,218.75542418608737,1.293709111079825
9.03,1789.6518685317892,-17.52731463499082,218.2075509992081,1.293354866410927
9.06,1796.189900124686,-17.463860956064032,217.6615287303414,1.2929993626047906
9.09,1802.711578571836,-17.401120694485133,217.11733810683555,1.2926426334912557
9.12,1809.216958538861,-17.33905454693613,216.57496027792683,1.2922847008143508
9.15,1815.7060941314298,-17.27761990906222,216.0343767538705,1.2919255715949893
9.18,1822.1790389051548,-17.216775322734243,215.49556934413766,1.2915652376195446
9.209999999999999,1828.6358458737116,-17.156484410830654,214.95852010179385,1.291203676935535
9.24,1835.0765675154519,-17.09671889450058,214.42321127946326,1.2908408570099732
9.27,1841.5012557789191,-17.03746035813972,213.88962530070947,1.2904767390146568
9.299999999999999,1847.9099620877703,-16.978700598427142,213.3577447490584,1.2901112825924728
9.33,1854.3027373456061,-16.920440723846117,212.8275523726327,1.289744450465589
9.36,1860.6796315585805,-16.863537735069396,212.29900563969355,1.2893762122289851
9.389999999999999,1867.0406882097943,-16.81965004626588,211.7717127944189,1.28900654593732
9.42,1873.3859436741511,-16.778495119771634,211.2455912018513,1.2886354394268054
9.45,1879.7154331101126,-16.737294479597633,210.72064226718666,1.288262891562286
9.48,1886.0291934045301,-16.692327872307644,210.1969796320221,1.2878889115001655
9.51,1892.327262426672,-16.648994229833608,209.67455541856083,1.2875135159873032
9.54,1898.609676339152,-16.607900920613986,209.15330375748502,1.2871367255219508
9.57,1904.876470328002,-16.566831316671937,208.63322530266032,1.2867585609726466
9.6,1911.1276812539786,-16.522108242503048,208.1144308674496,1.2863790407429112
9.629999999999999,1917.3633468162477,-16.47923557148936,207.59686579791426,1.2859981777537346
9.66,1923.5835030220637,-16.438313492426083,207.08047195398174,1.2856159769911584
9.69,1929.7881850064973,-16.397390152822133,206.5652492311049,1.285232434811729
9.719999999999999,1935.9774278985326,-16.356455566465776,206.05119732387308,1.284847539334292
9.75,1942.1512668139574,-16.31550461199667,205.5383156548685,1.284461271638136
9.78,1948.3097368470499,-16.274536485222345,205.02660336564304,1.2840736077222603
9.81,1954.4528730621093,-16.233555371850745,204.51605931552592,1.2836845209384515
9.84,1960.580710485084,-16.19257043233908,204.00668208939393,1.2832939845783393
9.87,1966.6932840955592,-16.151595154985852,203.49847001364338,1.2829019742887044
9.9,1972.7906288193255,-16.110646223816772,202.99142117854885,1.2825084700423262
9.93,1978.8727795216937,-16.069742031518995,202.48553346530267,1.2821134574563113
9.959999999999999,1984.93977085285,-16.02923117384959,201.98079467023538,1.2817169283198238
9.99,1990.9916375352605,-15.988153031761078,201.47722177276535,1.2813188804592177
10.02,1997.02841437052,-15.94747232826533,200.97480311603712,1.280919316837056
10.049999999999999,2003.050135938876,-15.906911448598699,200.4735355883568,1.280518244038668
10.08,2009.056836677885,-15.866583525185614,199.9734127942576,1.2801156705265515
10.11,2015.0485490345557,-15.830478538551425,199.47430861098337,1.279711604335238
10.139999999999999,2021.025305459311,-15.790190959892053,198.97634899599407,1.279306051858933
10.17,2026.9871397272564,-15.751159737994634,198.47949655570645,1.278899016733529
10.2,2032.9340841615474,-15.714108777453093,197.98369191801248,1.2784904981732526
10.23,2038.866171536976,-15.674075494421997,197.48902433259892,1.2780804910001238
10.26,2044.783435034314,-15.636091016173738,196.9954318456084,1.277668985698739
10.29,2050.685906812704,-15.598290410710849,196.50290821448021,1.2772559686406404
10.32,2056.573618610755,-15.561185433414211,196.01143166843207,1.2768414232109853
10.35,2062.446602473557,-15.522643956658396,195.52104431238317,1.276425331235827
10.379999999999999,2068.3048900593913,-15.486326034041769,195.03167842140698,1.2760076741217947
10.41,2074.14851327915,-15.447165406539812,194.54341833081241,1.2755884343193482
10.44,2079.9775041307335,-15.410586574281728,194.05618575386134,1.2751675963382307
10.469999999999999,2085.791894436535,-15.371773551478231,193.57004705929242,1.2747451474695508
10.5,2091.5917169308145,-15.333127464778736,193.08499677998432,1.2743210784843202
10.53,2097.3770041829453,-15.294656507686465,192.60102939226033,1.273895383344978
10.559999999999999,2103.1477877248158,-15.258300155006916,192.11808134211302,1.273468058619009
10.59,2108.904097907545,-15.222451911665397,191.63613739360196,1.273039102838404
10.62,2114.645965821396,-15.184460848608742,191.155261940655,1.2726085162526573
10.65,2120.373422027973,-15.149787031664546,190.67535558958204,1.2721762995250707
10.68,2126.0864955857396,-15.115148338110334,190.1964173771325,1.271742452553722
10.709999999999999,2131.78521668819,-15.077960533298414,189.71852381973667,1.271306974448791
10.74,2137.469616148843,-15.041937864051796,189.2416399006225,1.270869862711635
10.77,2143.1397235525005,-15.007470921681303,188.76571873778744,1.2704311122614298
10.799999999999999,2148.79556812582,-14.972228983286586,188.29078323264116,1.269990715553259
10.83,2154.4371803883937,-14.93486388543858,187.81689661931043,1.269548663176721
10.86,2160.0645913372573,-14.898521814804804,187.34402763159792,1.2691049439022328
10.889999999999999,2165.677831389689,-14.862404830169504,186.87216884928097,1.268659544837373
10.92,2171.276929967076,-14.828226598669628,186.4012613745727,1.2682124519006515
10.95,2176.861915578147,-14.794090890658975,185.93130317790943,1.2677636505322503
10.98,2182.43281666951,-14.760001364282967,185.4622921478707,1.2673131266279238
11.01,2187.989661622719,-14.725963828417974,184.99422605977065,1.2668608671105968
11.04,2193.5324787510012,-14.69198462488027,184.5271025840886,1.2664068603548486
11.07,2199.0612962962427,-14.658070268604193,184.06091929513295,1.265951096431322
11.1,2204.576142627259,-14.623781123309127,183.59568706225903,1.2654935672283782
11.129999999999999,2210.0770468209685,-14.58827300966937,183.13144218722857,1.2650342665107905
11.16,2215.5640381958797,-14.55342895218463,182.66816455611564,1.264573189439148
11.19,2221.037145185199,-14.519875652989889,182.20581528974557,1.264110331755386
11.219999999999999,2226.4963955966477,-14.486413426770206,181.74439151641,1.2636456894086363
11.25,2231.9418171501293,-14.453045825519037,181.28389025317642,1.2631792582727661
11.28,2237.3734365127043,-14.421908949586454,180.8242443845277,1.2627110333669196
11.309999999999999,2242.791279799444,-14.38975812266628,180.3654840870565,1.2622410087093294
11.34,2248.195373987378,-14.356687961859107,179.90763665188723,1.2617691775863278
11.37,2253.585746754739,-14.322957336493928,179.45072154565864,1.2612955323446702
11.4,2258.962426138966,-14.289062867328772,178.99474326954683,1.260820064222219
11.43,2264.325438633307,-14.25872755216086,178.5395945337466,1.26034276270955
11.459999999999999,2269.6748098599046,-14.226740072654552,178.0853243324349,1.2598636160364916
11.49,2275.0105651186423,-14.19707553830548,177.631862355782,1.2593826116697264
11.52,2280.332728665442,-14.167368988582457,177.17920921570405,1.258899736401429
11.549999999999999,2285.641325199519,-14.13667799443493,176.72739381356868,1.2584149773009126
11.58,2290.9363793065218,-14.107179205100344,176.27637976895917,1.257928321813808
11.61,2296.2179157895384,-14.075969824527057,175.8262178363635,1.2574397581679106
11.639999999999999,2301.485959595244,-14.046111577072523,175.37686696289578,1.2569492755011598
11.67,2306.7405338689427,-14.018869493182091,174.92824816306208,1.2564568631529698
11.7,2311.9816610023477,-13.990659252331831,174.48039003267692,1.2559625111416233
11.73,2317.209364106741,-13.961789945656244,174.0333119606633,1.2554662107176127
11.76,2322.4236661363097,-13.933902202362177,173.58698415402353,1.254967953835399
11.79,2327.624590860928,-13.903204329567268,173.14149062678945,1.254467733354577
11.82,2332.8121620248007,-13.875346432277011,172.69674588937158,1.253965542372978
11.85,2337.9864020470554,-13.847576998405701,172.25274697781202,1.2534613733969806
11.879999999999999,2343.147333408329,-13.819561797186838,171.80950094258557,1.2529552187050963
11.91,2348.2949791661113,-13.790489643134299,171.36703915642389,1.252447070362273
11.94,2353.429362434966,-13.76232115570217,170.9253341325676,1.2519369198042938
11.969999999999999,2358.5505062319294,-13.733441495486376,170.48440678866726,1.2514247576632733
12.0,2363.6584340628974,-13.704157177497473,170.04426881029647,1.2509105739831008
12.03,2368.7531682050594,-13.677970274846118,169.6048267421545,1.2503943574455276
12.059999999999999,2373.8347295560493,-13.651718599076634,169.16608193813354,1.2498760954386943
12.09,2378.9031405520095,-13.622078573278722,168.7281354748454,1.2493557756155313
12.12,2383.9584251500364,-13.592404318335216,168.29098781108647,1.2488333860341272
12.15,2389.0006058226973,-13.566019182278042,167.8545396556574,1.2483089138671455
12.18,2394.0297035360636,-13.539655322304899,167.41878973213358,1.2477823456026131
12.209999999999999,2399.045739401007,-13.512907065631937,166.98374895380297,1.2472536680591233
12.24,2404.0487359835365,-13.483273812637718,166.54950331479301,1.2467228691986172
12.27,2409.0387169045325,-13.454141063584563,166.11603728463106,1.2461899379718149
12.299999999999999,2414.0157043140275,-13.427738524359526,165.68326842816987,1.2456548630371078
12.33,2418.9797191284533,-13.401315810520533,165.25119682806968,1.2451176328947242
12.36,2423.9307823437634,-13.374702888549745,164.81982769638103,1.2445782365464426
12.389999999999999,2428.8689161890957,-13.345511961146613,164.38923793654396,1.2440366640351879
12.42,2433.7941427911655,-13.31909014277311,163.9593440344885,1.243492905584021
12.45,2438.7064830202467,-13.29266517073687,163.5301456285523,1.2429469508622368
12.48,2443.6059577347855,-13.2662392185187,163.1016422919629,1.2423987895367061
12.51,2448.492588625803,-13.237936843663041,162.6738898806118,1.2418484116184152
12.54,2453.3663973888392,-13.211465902819409,162.24683298991158,1.2412958068613977
12.57,2458.227403994606,-13.186963487521702,161.8204120408082,1.2407409637198443
12.6,2463.0756287361255,-13.159747815571182,161.3947079106347,1.2401838704896204
12.629999999999999,2467.9110935383906,-13.131582231664485,160.96974859151652,1.2396245160119939
12.66,2472.733819920378,-13.105230034333934,160.54547913476216,1.2390628884686437
12.69,2477.5438275444067,-13.081150934680183,160.1218307296623,1.238498974569375
12.719999999999999,2482.3411366479063,-13.053487953085483,159.69891029233662,1.2379327610864437
12.75,2487.125768862036,-13.026266670421807,159.27670398388523,1.237364235386509
12.78,2491.897744532979,-13.001415779334332,158.85514005528572,1.2367933838896323
12.809999999999999,2496.6570831509475,-12.976057462760242,158.43423307519382,1.236220192444657
12.84,2501.403805594645,-12.948081827725874,158.01406095688057,1.235644647808717
12.87,2506.137932354722,-12.923536556495197,157.59452015897693,1.2350667365782588
12.9,2510.859483113232,-12.89732267545917,157.1756601122114,1.2344864450159367
12.93,2515.5684782125395,-12.871266590222865,156.75747548001922,1.2339037600101312
12.959999999999999,2520.2649376858085,-12.845699289832133,156.33995099867403,1.2333186684695492
12.99,2524.9488809328936,-12.821009800707074,155.9230597267505,1.2327311571144264
13.02,2529.6203276096685,-12.794837149136184,155.5068455796995,1.2321412130602163
13.049999999999999,2534.2792979399974,-12.76884532172962,155.0913025745796,1.2315488239701122
13.08,2538.9258114373783,-12.74421185892855,154.67638938319453,1.2309539771345699
13.11,2543.5598873246063,-12.718830397249585,154.26212786985909,1.2303566597097821
13.139999999999999,2548.1815453926197,-12.692896312529948,153.84853405438665,1.2297568592377106
13.17,2552.7908050990286,-12.668215255928787,153.43556976652684,1.2291545629445157
13.2,2557.3876854398186,-12.64326984497368,153.02324234128827,1.2285497576057078
13.229999999999999,2561.9722058187376,-12.617643660360718,152.61157161146215,1.2279424301151902
13.26,2566.544385368262,-12.593258301992327,152.20051973525136,1.2273325669541
13.29,2571.104242962638,-12.568166938072093,151.7901072621635,1.2267201541959463
13.32,2575.6517975484485,-12.543576742162083,151.3803185126564,1.2261051777362768
13.35,2580.1870676290364,-12.519426620860902,150.97113961447488,1.225487622931573
13.379999999999999,2584.7100720642384,-12.494002088654419,150.56260813857634,1.2248674752319066
13.41,2589.220830037693,-12.469085848939342,150.15470817103164,1.224244720165355
13.44,2593.719359793446,-12.445702204071647,149.74739302630041,1.2236193424049955
13.469999999999999,2598.2056796005563,-12.420687636995494,149.3407109331252,1.2229913265808723
13.5,2602.6798081726815,-12.396266691668039,148.9346433902197,1.2223606576327315
13.53,2607.1417639699516,-12.371770013957745,148.52919197070042,1.2217273203001198
13.559999999999999,2611.591564882415,-12.348566770359069,148.12431714957233,1.2210912988948215
13.59,2616.0292288983032,-12.323808115802015,147.72006488588116,1.2204525778945512
13.62,2620.4547748862915,-12.29860109373604,147.31644796038245,1.2198111425777862
13.65,2624.8682207506854,-12.275935473895935,146.91338941781927,1.2191669774802005
13.68,2629.269584201304,-12.251119711354672,146.51095306425046,1.2185200670690703
13.709999999999999,2633.658882970497,-12.228351653828172,146.10907675969418,1.2178703958888997
13.74,2638.0361345431174,-12.204043573492662,145.70780600427554,1.2172179483535084
13.77,2642.4013565833734,-12.180826821599416,145.30710735757708,1.2165627090724662
13.799999999999999,2646.7545664720687,-12.157103796054944,144.90699530413988,1.2159046624398802
13.83,2651.0957817983685,-12.133376674325357,144.50746926976754,1.2152437930304092
13.86,2655.4250198359637,-12.110306816022666,144.10850882271026,1.214580085097804
13.889999999999999,2659.742298092675,-12.086014708370989,143.71014993033074,1.2139135230495262
13.92,2664.0476338746566,-12.063341820887231,143.31234329124356,1.2132440909943267
13.95,2668.3410446021053,-12.038752953592562,142.91514567228083,1.2125717730309404
13.979999999999999,2672.6225476609984,-12.01610277455969,142.5184981750202,1.2118965530486405
14.01,2676.8921601431157,-11.992122451100597,142.12243995769708,1.2112184144951597
14.04,2681.1498993386817,-11.968978414779311,141.72694517581908,1.2105373408145241
14.07,2685.3957819030616,-11.946357730262141,141.33199733758002,1.2098533146579071
14.1,2689.6298242330286,-11.92373572707523,140.9375956749134,1.209166318280006
14.129999999999999,2693.8520432670575,-11.899859821288597,140.54377702100092,1.208476334364691
14.16,2698.062455385917,-11.878418660493935,140.1504675048025,1.2077833449293134
14.19,2702.261077092382,-11.854223908890912,139.75774893053588,1.2070873320864415
14.219999999999999,2706.447925370724,-11.83165360909943,139.3655717631402,1.2063882783842785
14.25,2710.6230164463395,-11.809092921188029,138.97393488344213,1.2056861655645332
14.28,2714.7863665106624,-11.78654267322233,138.5828371464922,1.2049809753349527
14.309999999999999,2718.937991720566,-11.764003340435492,138.1922773932573,1.2042726893902347
14.34,2723.07790822246,-11.741421049547702,137.80225608313722,1.2035612894509988
14.37,2727.2061320988546,-11.718968163298355,137.4127685034962,1.2028467572088184
14.399999999999999,2731.3226795724668,-11.696020137165407,137.0238286899983,1.2021290745465567
14.43,2735.427566645536,-11.674000270576476,136.6354079633951,1.2014082231121261
14.459999999999999,2739.520809074722,-11.651543920572452,136.24751857830717,1.2006841842904548
14.49,2743.602422778554,-11.62910797314027,135.86015908904525,1.1999569396401422
14.52,2747.6724236318673,-11.606693025107274,135.47332802849883,1.1992264706368831
14.549999999999999,2751.730827325951,-11.584608308159245,135.08701463909452,1.1984927584843645
14.58,2755.777649141903,-11.563047085428805,134.70120233977565,1.1977557838342352
14.61,2759.8129048859423,-11.539741085918113,134.31594263250062,1.197015527896167
14.639999999999999,2763.83661016624,-11.518557790401308,133.93117096081681,1.196271971512451
14.67,2767.8487801223705,-11.496238410107656,133.54692051600173,1.1955250948547766
14.7,2771.849430339058,-11.474005335334503,133.16318783050406,1.1947748785136876
14.729999999999999,2775.838575823846,-11.452907231323687,132.77993793325854,1.194021302224474
14.76,2779.816231570453,-11.43064651341367,132.3972047855167,1.1932643456019765
14.79,2783.782413012685,-11.408508096895792,132.01498381460766,1.1925039887011666
14.82,2787.7371350490885,-11.387374116471426,131.63324394293713,1.1917402107639083
14.85,2791.6804121438786,-11.366138526762668,131.25198725011023,1.1909729903791715
14.879999999999999,2795.612259522409,-11.3432521729324,130.87126234002426,1.1902023070792023
14.91,2799.532692257611,-11.322288446936604,130.49101058410812,1.1894281400887694
14.94,2803.441724704791,-11.300935283786918,130.11124268057523,1.1886504676028289
14.969999999999999,2807.3393714441668,-11.279406183927739,129.73196293358882,1.1878692680754734
15.0,2811.2256471471073,-11.25778555564604,129.35317311897018,1.1870845200489575
15.03,2815.100566390932,-11.236400071948532,128.974865203455,1.1862962018949093
15.059999999999999,2818.964143408315,-11.215478966891654,128.5970242527071,1.1855042914641314
15.09,2822.816392192803,-11.194558179158673,128.21964924135514,1.18470876625526
15.12,2826.6573275677683,-11.17172985096428,127.84279644383474,1.1839096049726547
15.149999999999999,2830.4869643022466,-11.150860555920863,127.46640611119213,1.183106786163679
15.18,2834.305316253799,-11.129993248824231,127.09047715226264,1.1823002869621433
15.209999999999999,2838.1123972469577,-11.109128430823045,126.71500845634158,1.1814900843939484
15.24,2841.908221072525,-11.08826687738481,126.33999888550944,1.1806761553876488
15.27,2845.6928014867754,-11.067409332943367,125.96544727585938,1.1798584767800304
15.299999999999999,2849.466152357909,-11.046230166837002,125.59136224066978,1.1790370255450955
15.33,2853.228287682278,-11.02501861988894,125.21774372127052,1.178211778802046
15.36,2856.9792214377076,-11.003811734327556,124.84459054259699,1.177382713559397
15.389999999999999,2860.718967566166,-10.982610597478935,124.4719014893228,1.1765498066592104
15.42,2864.4475398562836,-10.961673981635597,124.09966756399463,1.1757130345586133
15.45,2868.1649518758118,-10.94089228147928,123.72788303470972,1.1748723732054722
15.479999999999999,2871.8712170872354,-10.920117028681181,123.35654660976542,1.174027798227534
15.51,2875.5663489222293,-10.899330304172814,122.98565752625325,1.1731792850598768
15.54,2879.250360764645,-10.878587109743997,122.6152133609427,1.1723268089196208
15.57,2882.923265950046,-10.857832961065599,122.24521331575463,1.171470344811256
15.6,2886.585077756733,-10.837141457007041,121.87565437412435,1.170609867515686
15.629999999999999,2890.2358094468277,-10.816347474767952,121.50653846765364,1.1697453516709622
15.66,2893.875474060627,-10.796071065097113,121.13784890010884,1.1688767714049464
15.69,2897.504084777266,-10.774892949387246,120.76961156945647,1.1680041010161692
15.719999999999999,2901.1216545941584,-10.754939720641035,120.4017885441553,1.1671273143620806
15.75,2904.728196475429,-10.733760003088543,120.0344154428577,1.1662463851797538
15.78,2908.3237233697278,-10.713759060597523,119.66745570719934,1.1653612870831958
15.809999999999999,2911.9082479044705,-10.693215073423062,119.30092441404004,1.1644719930229592
15.84,2915.481782974647,-10.672538654395277,118.9348243406523,1.1635784764108046
15.87,2919.0443412343448,-10.652448454581974,118.5691366769946,1.1626807101245713
15.899999999999999,2922.5959351314796,-10.632149146631058,118.20386645792024,1.1617786665920384
15.93,2926.1365774820715,-10.611160141477141,117.83903317063594,1.1608723189374952
15.959999999999999,2929.666281002857,-10.590998561359298,117.47461076705477,1.159961640000933
15.99,2933.1850580162013,-10.570804207433522,117.11059897083115,1.1590466017373775
16.02,2936.692920961672,-10.550298874554493,116.74700586124614,1.1581271762670438
16.05,2940.18988246474,-10.529608319169771,116.3838357574665,1.1572033360037928
16.08,2943.675954806572,-10.50978276238585,116.0210614267629,1.1562750524980543
16.11,2947.151150232309,-10.489089041478426,115.65870763390225,1.155342297115004
16.14,2950.6154809758978,-10.46920027790148,115.29674893182955,1.1544050410489237
16.169999999999998,2954.068958979789,-10.449068186445787,114.9351912943806,1.1534632547277524
16.2,2957.5115963636676,-10.42869757311863,114.57404056359745,1.152516908852363
16.23,2960.9434053234722,-10.408308184283765,114.21329598942276,1.1515659741610975
16.259999999999998,2964.3643980318293,-10.387901506897254,113.8529567679112,1.1506104211882657
16.29,2967.7745864897424,-10.367803989123628,113.49301227390576,1.149650219901046
16.32,2971.173982542247,-10.347653630310091,113.13346272077644,1.1486853397370327
16.349999999999998,2974.56259816501,-10.327174996320075,112.77431659345172,1.1477157502848363
16.38,2977.9404451962864,-10.307237039703102,112.41555627946268,1.1467414206236917
16.41,2981.307535454978,-10.286709995557434,112.05719805776836,1.1457623196310511
16.439999999999998,2984.6638807643094,-10.26666764817447,111.69922597885665,1.1447784160163204
16.47,2988.0094927171053,-10.246558429579048,111.34164061093881,1.1437896777527847
16.5,2991.344383114248,-10.225959069984594,110.98445524021751,1.1427960731912274
16.53,2994.668563753872,-10.20575980231882,110.62765643147554,1.141797570501327
16.56,2997.982046237419,-10.18550171796586,110.27124448942692,1.1407941371749906
16.59,3001.2848421741487,-10.165187532721868,109.91521963066518,1.1397857405575058
16.62,3004.576963042745,-10.14512061937592,109.55957294523344,1.1387723474776614
16.65,3007.8584203381924,-10.1246715615053,109.20431440556142,1.1377539246599482
16.68,3011.129225703979,-10.104175035151465,108.84944395243309,1.1367304390751187
16.71,3014.389390688795,-10.083836783757521,108.49495533315213,1.1357018572583732
16.74,3017.638926773965,-10.063389523845482,108.14085029901784,1.134668145380958
16.77,3020.877845491058,-10.04283827521542,107.78713044866456,1.1336292695726258
16.8,3024.106158417402,-10.022187810193044,107.43379723423487,1.1325851958964097
16.83,3027.32387716619,-10.001455026702626,107.08085159523128,1.131535890300967
16.86,3030.53101338688,-9.980621768839402,106.72829500925987,1.130481318598986
16.89,3033.7275787696058,-9.95969589435131,106.37612871063148,1.129421446453637
16.919999999999998,3036.9135849913523,-9.938788192542358,106.02435059280349,1.1283562391861097
16.95,3040.0890436660097,-9.917897631147367,105.67295855584376,1.1272856615989517
16.98,3043.2539663446796,-9.897022909260667,105.3219505137611,1.1262096779606217
17.009999999999998,3046.4083645160867,-9.876162736216722,104.97132439398968,1.1251282520004533
17.04,3049.5522496069743,-9.855315846388606,104.62107813690854,1.124041346913155
17.07,3052.685632982486,-9.83448101224529,104.27120969539638,1.1229489253718483
17.099999999999998,3055.808525946533,-9.813657055648903,103.9217170344248,1.1218509495486784
17.13,3058.9209397421537,-9.792842855828365,103.57259813072054,1.1207473811416386
17.16,3062.022885551861,-9.77203735518352,103.2238509724792,1.1196381814059841
17.189999999999998,3065.114374497982,-9.751239561699466,102.8754735591549,1.1185233111887058
17.22,3068.195417642996,-9.730448549540975,102.52746390130112,1.1174027309644794
17.25,3071.2660259898616,-9.709663456238033,102.1798200204841,1.1162764008714894
17.28,3074.3262104823516,-9.688883478205199,101.83253994925056,1.115144280745744
17.31,3077.375982005379,-9.6681078639082,101.48562173114853,1.1140063301524525
17.34,3080.415351385329,-9.647335905719395,101.13906342079223,1.112862508413477
17.37,3083.444329390393,-9.626566930608323,100.79286308395956,1.111712774629914
17.4,3086.4629267309037,-9.60580028980319,100.44701879772038,1.1105570876991393
17.43,3089.471154059678,-9.585035348555296,100.1015286505746,1.1093954063259346
17.46,3092.469021972361,-9.564271475665912,99.75639074260168,1.1082276890275662
17.49,3095.4565410077753,-9.543508033377318,99.41160318560696,1.1070538941327217
17.52,3098.433721648275,-9.522744368576362,99.06716410325046,1.105873979774792
17.55,3101.4005743201037,-9.501979804405977,98.7230716311645,1.1046879038798467
17.58,3104.3571093937553,-9.481213633629174,98.37932391704008,1.103495624149949
17.61,3107.303337184335,-9.46044511301265,98.03591912068914,1.102297098042549
17.64,3110.239267951925,-9.439673459624412,97.69285541406789,1.1010922827468022
17.669999999999998,3113.1649119019485,-9.418897848482493,97.35013098126613,1.0998811351577245
17.7,3116.080279185532,-9.39811741179023,97.0077440184614,1.0986636118491075
17.73,3118.9853798998693,-9.37733123961131,96.66569273383655,1.0974396690460382
17.759999999999998,3121.8802240885766,-9.356538381850756,96.32397534746542,1.0962092625979054
17.79,3124.76482174205,-9.335737851552093,95.98259009116529,1.09497234795267
17.82,3127.6391827978136,-9.31492862912658,95.64153520832302,1.0937288801330989
17.849999999999998,3130.5033171408645,-9.294109667201287,95.30080895370291,1.092478813715518
17.88,3133.3572346040105,-9.273279896256751,94.96040959323356,1.0912221028115097
17.91,3136.2009449682023,-9.252438230555605,94.62033540378324,1.0899587010529357
17.939999999999998,3139.0344579628572,-9.231583574104894,94.2805846729307,1.0886885615804542
17.97,3141.8577832661786,-9.210714826588598,93.94115569873377,1.0874116370355784
18.0,3144.670930505465,-9.18983088905032,93.60204678950124,1.086127879556238
18.029999999999998,3147.4739092574164,-9.16893066878504,93.2632562635803,1.0848372407756264
18.06,3150.2667290484296,-9.148013084395876,92.92478244914277,1.0835396718241088
18.09,3153.049399354893,-9.127077069390733,92.58662368399958,1.082235123333899
18.12,3155.821929603471,-9.106121575172677,92.2487783154324,1.0809235454459274
18.15,3158.5843291713863,-9.085145573633925,91.91124470003729,1.0796048878185565
18.18,3161.3366073866987,-9.064148058244735,91.57402120360197,1.0782790996376712
18.21,3164.078773528577,-9.043128044690587,91.23710620099861,1.0769461296275031
18.24,3166.810836827572,-9.022084570684228,90.9004980760984,1.0756059260618196
18.27,3169.5328064658847,-9.001016694773487,90.56419522171218,1.0742584367749424
18.3,3172.2446915776336,-8.979923494963405,90.22819603954166,1.0729036091721766
18.33,3174.946501249122,-8.958804065988344,89.89249894016136,1.0715413902392297
18.36,3177.6382445191025,-8.937657517014106,89.55710234300213,1.0701717265502797
18.39,3180.3199303790443,-8.916482968017167,89.22200467636115,1.0687945642743977
18.419999999999998,3182.9915677733984,-8.89527954685186,88.88720437740889,1.067409849180131
18.45,3185.653165599864,-8.874046385538627,88.55269989221028,1.0660175266381173
18.48,3188.3047327096565,-8.85278261677987,88.21848967574867,1.0646175416216348
18.509999999999998,3190.946277907774,-8.831487370520863,87.8845721919503,1.0632098387050548
18.54,3193.577809953267,-8.810159770613264,87.55094591370884,1.0617943620602563
18.57,3196.199337559509,-8.788798932014974,87.21760932290151,1.0603710554511387
18.599999999999998,3198.8108693944628,-8.7674039578875,86.88456091040571,1.0589398622263575
18.63,3201.4124140809536,-8.745973937570833,86.55179917610025,1.0575007253104884
18.66,3204.003980196938,-8.72450794450245,86.21932262886503,1.0560535871938626
18.689999999999998,3206.5855762757733,-8.703005034988086,85.88712978656382,1.0545983899212776
18.72,3209.157210806488,-8.681464247178006,85.55521917601988,1.0531350750799147
18.75,3211.7188922340483,-8.659884600705446,85.22358933297718,1.051663583786712
18.779999999999998,3214.2706289596267,-8.638265096509736,84.89223880205432,1.0501838566754484
18.81,3216.8124293408664,-8.616604717392061,84.56116613668262,1.0486958338838297
18.84,3219.3443016922397,-8.594902218700064,84.23036990537126,1.0471994550415165
18.87,3221.8662542874335,-8.573152074634255,83.89984882035621,1.0456946592740923
18.9,3224.3782953623927,-8.551351584605465,83.56960165321385,1.0441813852126547
18.93,3226.880433116264,-8.52949989353911,83.23962717917642,1.0426595709878053
18.96,3229.372675711507,-8.5075961269027,82.90992417713893,1.0411291542173229
18.99,3231.855031274002,-8.485639391519753,82.58049142965518,1.0395900719940931
19.02,3234.3275078931624,-8.463628776762148,82.25132772292261,1.0380422608745212
19.05,3236.7901136220403,-8.441563355705533,81.92243184676356,1.0364856568675624
19.08,3239.2428564774373,-8.4194421868246,81.59380259459535,1.0349201954245548
19.11,3241.685744440011,-8.397264315527586,81.2654387633989,1.0333458114299519
19.14,3244.118785454382,-8.375028776020374,80.9373391536802,1.0317624391930453
19.169999999999998,3246.5419874292375,-8.352734592943095,80.60950256943326,1.0301700124407236
19.2,3248.9553582374374,-8.330380783292906,80.28192781809777,1.028568464311296
19.23,3251.3589057161153,-8.307966358164837,79.95461371051753,1.0269577273494095
19.259999999999998,3253.752637666781,-8.285490324241392,79.62755906090423,1.0253377335019926
19.29,3256.1365618554214,-8.262951685432599,79.30076268679879,1.023708414115162
19.32,3258.5106860125984,-8.240349444093676,78.97422340904032,1.022069699932045
19.349999999999998,3260.8750178335486,-8.21768260227863,78.6479400517361,1.0204215210914023
19.38,3263.22956497828,-8.194950162654186,78.32191144223837,1.0187638071269594
19.41,3265.5743350716707,-8.17215112921564,77.99613641112701,1.0170964869673145
19.439999999999998,3267.909335703564,-8.14928450783905,77.67061379219707,1.0154194889362942
19.47,3270.234574428865,-8.126349306553337,77.3453424224534,1.0137327407536316
19.5,3272.550058767638,-8.103344535672903,77.02032114211023,1.0120361695358406
19.529999999999998,3274.855796205201,-8.080269207713792,76.69554879459652,1.0103297017971602
19.56,3277.151794192224,-8.057122337106883,76.3710242265675,1.0086132634504656
19.59,3279.4380601448247,-8.033902939719455,76.04674628792252,1.0068867798080108
19.62,3281.7146014446676,-8.010610032276473,75.72271383182623,1.0051501755818937
19.65,3283.9814254390603,-7.987242631748513,75.39892571473293,1.0034033748842095
19.68,3286.2385394410553,-7.963799754473574,75.0753807964163,1.0016463012267773
19.71,3288.4859507295473,-7.940280415320962,74.75207794000168,0.9998788775203981
19.74,3290.7236665493765,-7.916683626805874,74.42901601199947,0.9981010260735927
19.77,3292.951694111429,-7.893008398171629,74.10619388234021,0.9963126685908025
19.8,3295.1700405927404,-7.8692537344890265,73.78361042441051,0.9945137261700464
19.83,3297.378713136601,-7.8454186357429165,73.4612645150896,0.9927041193000189
19.86,3299.5777188526604,-7.821502096052918,73.1391550347836,0.9908837678566584
19.89,3301.767064817033,-7.797503102885596,72.81728086745946,0.9890525910992088
19.919999999999998,3303.9467580724063,-7.773420636346084,72.49564090067788,0.9872105076658158
19.95,3306.1168056281495,-7.7492536686499935,72.17423402562207,0.985357435568701
19.98,3308.2772144604214,-7.7250011635620375,71.85305913712597,0.9834932921889726
20.009999999999998,3310.4279915122816,-7.700662076084282,71.53211513369777,0.9816179942711316
20.04,3312.5691436938,-7.676235352127515,71.2114009175418,0.9797314579173368
20.07,3314.7006778821683,-7.651719928397207,70.89091539457576,0.9778335985814939
20.099999999999998,3316.822600921812,-7.627114732367844,70.57065747444501,0.9759243310632589
20.13,3318.9349196245016,-7.60241868227379,70.25062607053479,0.9740035695019876
20.16,3321.0376407694657,-7.577630687365872,69.93082009997678,0.9720712273707205
20.189999999999998,3323.1307711035033,-7.552749648119946,69.61123848365435,0.9701272174702664
20.22,3325.214317341096,-7.527774456622181,69.29188014620395,0.9681714519234388
20.25,3327.2882861645207,-7.502703996971092,68.9727440160142,0.9662038421694935
20.279999999999998,3329.352684223963,-7.477537145787187,68.65382902522221,0.9642242989588209
20.31,3331.407518137628,-7.452272772747411,68.33513410970795,0.9622327323479339
20.34,3333.4527944918536,-7.42690974121033,68.0166582090862,0.9602290516947872
20.37,3335.488519841222,-7.40144690881761,67.69840026669748,0.958213165654459
20.4,3337.514700708672,-7.375883128142828,67.38035922959764,0.9561849821752045
20.43,3339.5313435856087,-7.350217247351239,67.06253404854664,0.9541444084949094
20.46,3341.5384549320165,-7.324448110847118,66.74492367799677,0.952091351137939
20.49,3343.536041176568,-7.298574559966325,66.42752707607966,0.9500257159123965
20.52,3345.5241087167346,-7.272595433542402,66.11034320459513,0.947947407907783
20.55,3347.5026639188977,-7.246509568576417,65.79337102899845,0.9458563314930417
20.58,3349.4717131184566,-7.220315800747633,65.47660951838998,0.943752390314982
20.61,3351.4312626199376,-7.194012965026216,65.1600576455033,0.9416354872970619
20.64,3353.381318697104,-7.1675998961072445,64.84371438669658,0.9395055246385124
20.669999999999998,3355.321887593064,-7.141075428927409,64.52757872194262,0.937362403813772
20.7,3357.252975520379,-7.1144383990545155,64.21164963482175,0.9352060255722258
20.73,3359.1745886611725,-7.087687643065195,63.895926112514935,0.9330362899381971
20.759999999999998,3361.086733167237,-7.0608219988708525,63.58040714579849,0.930853096211188
20.79,3362.989415160142,-7.033840306038667,63.2650917290392,0.9286563429663321
20.82,3364.8826407313422,-7.006741406004058,62.94997886019154,0.9264459280550388
20.849999999999998,3366.7664159422848,-6.979524142306134,62.635067540795454,0.9242217486058009
20.88,3368.6407468245166,-6.952187360780583,62.32035677597465,0.9219837010251479
20.91,3370.5056393797922,-6.924729909716865,62.00584557443625,0.9197316809987313
20.939999999999998,3372.3610995801814,-6.897150639988041,61.69153294847091,0.9174655834925132
20.97,3374.207133368176,-6.869448405181249,61.37741791395348,0.9151853027540543
21.0,3376.0437466567987,-6.8416220616901615,61.06349949034428,0.9128907323138842
21.029999999999998,3377.870945329709,-6.813670468845384,60.74977670068977,0.9105817649869496
21.06,3379.688735241312,-6.78559248898725,60.43624857162427,0.9082582928741375
21.09,3381.4971222168656,-6.757386987580799,60.12291413337089,0.9059202073638668
21.119999999999997,3383.296112052589,-6.729052833335909,59.809772419742075,0.9035673991337532
21.15,3385.0857105157684,-6.700588898327385,59.49682246813989,0.9011997581523561
21.18,3386.865923344867,-6.671994058134317,59.184063319555655,0.8988171736810079
21.21,3388.636756249631,-6.643267192036639,58.87149401856793,0.8964195342757426
21.24,3390.3982149111985,-6.614407183160238,58.55911361334102,0.8940067277893374
21.27,3392.150304982205,-6.585412918733094,58.24692115562082,0.8915786413734696
21.3,3393.893032086893,-6.556283290323888,57.93491570073028,0.8891351614810263
21.33,3395.6264018212187,-6.527017194135881,57.62309630756295,0.8866761738685718
21.36,3397.350419752958,-6.497613531321888,57.3114620385753,0.8842015635989987
21.39,3399.0650914218136,-6.468071208327656,57.00001195977786,0.8817112150443819
21.419999999999998,3400.7704223395226,-6.438389137313389,56.688745140723654,0.8792050118890575
21.45,3402.4664179899614,-6.408566236574301,56.37766065449574,0.8766828371329578
21.48,3404.153083829251,-6.378601430994542,56.06675757769304,0.8741445730952153
21.509999999999998,3405.830425285864,-6.348493652574886,55.756034990413774,0.8715901014180615
21.54,3407.4984477607272,-6.318241840981509,55.44549197623742,0.8690193030710561
21.57,3409.157156627328,-6.287844944104508,55.13512762220491,0.8664320583556536
21.599999999999998,3410.8065572318155,-6.257301918695473,54.82494101879678,0.8638282469101405
21.63,3412.4466548931055,-6.226611731005198,54.51493125990968,0.8612077477149631
21.66,3414.077454902981,-6.19577335747495,54.2050974428308,0.8585704390984671
21.689999999999998,3415.6989625261954,-6.164785785440909,53.89543866821083,0.8559161987430711
21.72,3417.3111830005696,-6.133648013881988,53.585954040034885,0.8532449036918922
21.75,3418.914121537096,-6.1023590541900115,53.27664266559178,0.8505564303558439
21.779999999999998,3420.507783320033,-6.070917930966611,52.9675036554414,0.8478506545212253
21.81,3422.092173507006,-6.03932368283468,52.65853612338089,0.8451274513578181
21.84,3423.667297229101,-6.007575363293801,52.34973918640845,0.8423866954275032
21.869999999999997,3425.233159590963,-5.975672041574916,52.041111964686074,0.839628260693422
21.9,3426.789765670888,-5.94361280353313,51.73265358150029,0.8368520205296864
21.93,3428.337120520917,-5.911396752529903,51.42436316322187,0.8340578477316555
21.96,3429.875229166928,-5.879023010374114,51.1162398392632,0.831245614526789
21.99,3431.404096608727,-5.846490718249329,50.80828274203469,0.8284151925860965
22.02,3432.923727820136,-5.813799037659944,50.50049100689945,0.8255664530361837
22.05,3434.4341277490817,-5.780947151398291,50.19286377212643,0.8226992664719105
22.08,3435.935301317683,-5.747934264527349,49.885400178842055,0.819813502969674
22.11,3437.427253422333,-5.714759605367662,49.57809937098038,0.816909032101322
22.14,3438.909988933786,-5.681422426517254,49.27096049523129,0.8139857229487081
22.169999999999998,3440.3835126972367,-5.6479220058474136,48.963982700988,0.8110434441188982
22.2,3441.847829532402,-5.614257647569872,48.657165140291795,0.8080820637600388
22.23,3443.3029442335996,-5.580428683249895,48.350506967776376,0.8051014495778942
22.259999999999998,3444.748861569823,-5.546434472902176,48.044007340609326,0.8021014688530633
22.29,3446.1855862848192,-5.512274406032503,47.73766541843308,0.7990819884588856
22.32,3447.61312309716,-5.477947902762971,47.43148036330315,0.7960428748800478
22.349999999999998,3449.031476700315,-5.443454414928393,47.12545133962488,0.7929839942319004
22.38,3450.440651762721,-5.408793427191241,46.819577514088756,0.789905212280496
22.41,3451.840652927847,-5.373964458209369,46.51385805560307,0.7868063944633601
22.439999999999998,3453.2314848142632,-5.338967061775467,46.20829213522531,0.7836874059110059
22.47,3454.6131520157032,-5.303800828023995,45.9028789260907,0.780548111469208
22.5,3455.985659101124,-5.268465384610269,45.59761760333959,0.7773883757220463
22.529999999999998,3457.3490106147665,-5.23296039795306,45.29250734404192,0.774208063015733
22.56,3458.7032110762116,-5.197285574486091,44.98754732711943,0.7710070374832402
22.59,3460.0482649804344,-5.161440661914379,44.68273673326616,0.7677851630697425
22.619999999999997,3461.3841767978565,-5.12542545053027,44.37807474486577,0.7645423035588873
22.65,3462.710950974396,-5.089239774522916,44.07356054590699,0.7612783225999128
22.68,3464.028591931513,-5.0528835133412775,43.769193321896054,0.7579930837356287
22.71,3465.337104066254,-5.016356593068915,43.46497225976666,0.7546864504312807
22.74,3466.6364917512956,-4.979658987822998,43.16089654778747,0.7513582861043119
22.77,3467.926759334979,-4.9427907212044815,42.8569653754663,0.7480084541550417
22.8,3469.20791114135,-4.905751867757997,42.553177933451934,0.7446368179982862
22.83,3470.4799514701886,-4.868542554469465,42.249533413432715,0.7412432410959328
22.86,3471.74288459704,-4.831162962295442,41.946031008032314,0.7378275869904927
22.89,3472.996714773241,-4.793613327728347,41.642669910702274,0.7343897193396528
22.919999999999998,3474.241446225943,-4.755893944381493,41.33944931561165,0.730929501951847
22.95,3475.4770831581322,-4.718005164623303,41.0363684175332,0.7274467988228662
22.98,3476.703629748645,-4.679947401228489,40.73342641172658,0.7239414741735318
23.009999999999998,3477.921090152182,-4.641721129078671,40.43062249381801,0.7204133924884526
23.04,3479.1294684993154,-4.603326886877428,40.12795585967678,0.7168624185558882
23.07,3480.328768896497,-4.564765278914601,39.825425705288254,0.7132884175087374
23.099999999999998,3481.5189954260577,-4.526036976854688,39.52303122662351,0.7096912548666798
23.13,3482.7001521462057,-4.487142721563236,39.22077161950533,0.7060707965794858
23.16,3483.8722430910198,-4.448083324960679,38.91864607947081,0.7024269090715213
23.189999999999998,3485.0352722704392,-4.408859671915666,38.61665380163038,0.6987594592874695
23.22,3486.1892436702487,-4.369472722162911,38.31479398052311,0.6950683147392875
23.25,3487.3341612520576,-4.329923512258783,38.013065809968595,0.6913533435544235
23.279999999999998,3488.4700289532784,-4.290213157566412,37.71146848291492,0.6876144145253131
23.31,3489.5968506870963,-4.250342854269753,37.410001191283165,0.6838513971601782
23.34,3490.714630342437,-4.21031388141856,37.108663125808135,0.6800641617351457
23.369999999999997,3491.8233717839285,-4.170127603009689,36.807453475875285,0.6762525793477125
23.4,3492.9230788518576,-4.129785470083603,36.50637142935399,0.6724165219715689
23.43,3494.0137553621234,-4.089289022862002,36.205416172427135,0.6685558625128071
23.46,3495.095405106182,-4.048639892903844,35.904586889416855,0.6646704748675311
23.49,3496.1680318509902,-4.0078398052970385,35.60388276260646,0.6607602339808838
23.52,3497.231639338939,-3.966890580864516,35.30330297205882,0.6568250159075179
23.55,3498.2862312877874,-3.9257941384018813,35.00284669543088,0.6528646978735169
23.58,3499.331811390584,-3.8845524969357235,34.70251310778446,0.6488791583397927
23.61,3500.3683833155887,-3.8431677780096307,34.40230138139328,0.6448682770669705
23.64,3501.395950706186,-3.8016422079807883,34.102210685546446,0.6408319351817797
23.669999999999998,3502.4145171807904,-3.759978120349525,33.80224018634806,0.6367700152449639
23.7,3503.424086332751,-3.718177958095897,33.50238904651332,0.6326824013207252
23.73,3504.4246617302433,-3.6762442760399563,33.202656425161045,0.628568979047716
23.759999999999998,3505.416246916161,-3.6341797432158525,32.90304147760254,0.6244296357115906
23.79,3506.398845407997,-3.59198714526477,32.603543355126966,0.6202642603191284
23.82,3507.3724606977203,-3.5496693868302955,32.30416120478328,0.6160727436739395
23.849999999999998,3508.3370962516437,-3.507229493978671,32.00489416915868,0.6118549784537619
23.88,3509.292755510289,-3.464670616615332,31.705741386154024,0.6076108592893623
23.91,3510.2394418882423,-3.421996030921205,31.40670198875545,0.6033402828450414
23.939999999999998,3511.1771587740013,-3.3792091417846875,31.10777510480337,0.5990431479007586
23.97,3512.10590952982,-3.3363134852442977,30.808959856758072,0.5947193554358754
24.0,3513.0256974915424,-3.293312730931551,30.510255361462445,0.5903688087145248
24.029999999999998,3513.93652596843,-3.2502106845097307,30.21166072990187,0.5859914133726084
24.06,3514.8383982429837,-3.2070112901183268,29.913175066961287,0.581587077506424
24.09,3515.731317570756,-3.1637186328013125,29.61479747117979,0.577155711762922
24.119999999999997,3516.6152871801573,-3.1203369409410056,29.31652703450271,0.5726972294315927
24.15,3517.4903102722546,-3.076870588671407,29.018362842031298,0.5682115465379782
24.18,3518.3563900205622,-3.0333240982838117,28.720303971770544,0.5636985819388078
24.21,3519.213529570825,-2.9897021426150174,28.422349494374888,0.5591582574187485
24.24,3520.0617320407932,-2.946009547418528,28.124498472892217,0.5545904977887627
24.27,3520.901000519993,-2.9022512937164002,27.826749962506426,0.5499952309860678
24.3,3521.731338069483,-2.8584325201178507,27.529103010278714,0.5453723881756816
24.33,3522.55274772161,-2.8145585251201766,27.23155665488777,0.5407219038535397
24.36,3523.3652324797517,-2.7706347693706426,26.934109926369338,0.5360437159511754
24.39,3524.1687953180535,-2.726666877897254,26.63676184585521,0.5313377659419382
24.419999999999998,3524.9634391811587,-2.682660642293775,26.339511425312278,0.5266039989487331
24.45,3525.7491669839287,-2.6386220228727626,26.04235766728153,0.5218423638532617
24.48,3526.5259816111566,-2.594557150758677,25.74529956461769,0.517052813406732
24.509999999999998,3527.2938859172723,-2.5504723299366554,25.44833610022991,0.5122353043420224
24.54,3528.0528827260414,-2.506374039242525,25.15146624682358,0.5073897974872555
24.57,3528.8029748302533,-2.462268934292056,24.854688966644044,0.502516257880763
24.599999999999998,3529.5441649914055,-2.418163849344985,24.558003211222367,0.4976146548873944
24.63,3530.2764559393777,-2.3740657990942036,24.261407921123975,0.4926849623161399
24.66,3530.9998503720985,-2.3299819803860498,23.96490202570023,0.48772715853902043
24.689999999999998,3531.714350955206,-2.2859197738490193,23.668484442843983,0.48274122661120417
24.72,3532.4199603217007,-2.2418867454432565,23.372154078749148,0.4777271543922969
24.75,3533.1166810715895,-2.197890647910967,23.07590982767543,0.4726849346687605
24.779999999999998,3533.8045157715264,-2.1539394221331642,22.779750571718214,0.46761456527739825
24.81,3534.4834669544425,-2.1100411983746654,22.483675180584886,0.4625160492298555
24.84,3535.1535371191712,-2.0662042974197625,22.18768251137789,0.45738939483806734
24.869999999999997,3535.814728730068,-2.0224372315906844,21.89177140838532,0.45223461584058966
24.9,3536.4670442166225,-1.9787487056381494,21.595940702879854,0.4470517315297441
24.93,3537.110485973064,-1.9351476175001159,21.300189212926817,0.4418407668795005
24.96,3537.745056357964,-1.8916430589223663,21.004515743202123,0.4366017526740214
24.99,3538.3707576938314,-1.8482443159275757,20.708919084821094,0.4313347256367818
25.02,3538.987592266703,-1.8049608691364256,20.413398015178867,0.4260397285601807
25.05,3539.5955623257296,-1.7618023939196823,20.117951297803522,0.42071681043554937
25.08,3540.194670082759,-1.7187787603840832,19.822577682222736,0.4153660265834629
25.11,3540.784917711912,-1.67590003317886,19.527275903845034,0.4099874387842506
25.14,3541.3663073491603,-1.6331764711162624,19.232044683856692,0.40458111540860187
25.169999999999998,3541.9388410918955,-1.5906185265930513,18.93688272913538,0.3991471315481542
25.2,3542.5025209985006,-1.5482368448163495,18.64178873218153,0.3936855691459476
25.23,3543.057349087918,-1.506042262808746,18.34676137106879,0.3881965171266253
25.259999999999998,3543.6033273392136,-1.4640458082001542,18.05179930941447,0.3826800715262519
25.29,3544.1404576911473,-1.4222586977843887,17.75690119637145,0.37713633562161814
25.32,3544.668742041735,-1.380692335840483,17.46206566664261,0.3715654200588948
25.349999999999998,3545.1881822478185,-1.3393583122048578,17.167291340519096,0.365967442981492
25.38,3545.6987801246323,-1.2982684000875842,16.8725768239438,0.36034253015697604
25.41,3546.2005374453756,-1.2574345536218234,16.57792070860119,0.35469081510288814
25.439999999999998,3546.6934559407855,-1.216868905140972,16.28332157203503,0.3490124392113076
25.47,3547.1775372987154,-1.1765837621695334,15.988777977795154,0.34330755187199097
25.5,3547.6527831637172,-1.136591604121763,15.694288475614872,0.3375763105939179
25.529999999999998,3548.1191951366304,-1.0969050786978898,15.399851601620224,0.331818881125065
25.56,3548.576774774177,-1.0575369979725497,15.105465878572536,0.3260354375702263
25.59,3549.0255235885647,-1.0185003341567722,14.811129816145753,0.3202261625066897
25.619999999999997,3549.4654430471,-0.9798082150393287,14.516841911239805,0.314391247097576
25.65,3549.896534571808,-0.9414739190869403,14.2226006483315,0.30853089120264016
25.68,3550.318799539067,-0.9035108701994318,13.928404499864325,0.3026453034863288
25.709999999999997,3550.732239279254,-0.8659326321108829,13.634251926678532,0.2967347015228816
25.74,3551.1368550764023,-0.8287529024325431,13.340141378482743,0.2907993118982597
25.77,3551.5326481678762,-0.7919855063246554,13.046071294368586,0.2848393703086786
25.8,3551.919619744061,-0.7556443897917459,12.752040103369469,0.27885512165551773
25.83,3552.2977709480692,-0.7197436125966505,12.458046225064887,0.2728468201363717
25.86,3552.6671028754668,-0.6842973407828531,12.164088070231353,0.2668147293320059
25.89,3553.0276165740197,-0.6493198388045847,11.870164041541107,0.260759122288973
25.919999999999998,3553.3793130434624,-0.6148254612539348,11.57627253430974,0.2546802815976411
25.95,3553.722193235288,-0.5808286441818535,11.28241193729363,0.24857849946538071
25.98,3554.0562580525648,-0.5473438960081036,10.988580633538264,0.24245407778465414
26.009999999999998,3554.3815083497775,-0.5143857880182885,10.694777001278123,0.23630732819574385
26.04,3554.697944932698,-0.48196894444554905,10.400999414888858,0.23013857214385636
26.07,3555.0055685582847,-0.45010803212485445,10.107246245892549,0.22394814093033105
26.099999999999998,3555.3043799346106,-0.41881774973357927,9.813515864016363,0.217736375757683
26.13,3555.5943797208283,-0.3881128166053155,9.51980663830501,0.211503627768203
26.16,3555.8755685271663,-0.35800796111989663,9.226116938287337,0.2052502580758383
26.189999999999998,3556.147946914961,-0.32851790867530645,8.932445135196977,0.19897663779107405
26.22,3556.411515396727,-0.2996573692328498,8.63878960324715,0.19268314803853215
26.25,3556.6662744362675,-0.27144102445176804,8.345148720959164,0.18637017996700708
26.279999999999998,3556.9122244488226,-0.2438835144006785,8.051520872544435,0.18003813475165192
26.31,3557.1493658012623,-0.21699942386812168,7.757904449339155,0.17368742358803327
26.34,3557.3776988123213,-0.19080326826341823,7.4642978512909695,0.16731846767776914
26.369999999999997,3557.597223752882,-0.16530947912122002,7.17069948849659,0.16093169820546774
26.4,3557.807940846302,-0.14053238921594557,6.87710778278917,0.1545275563066851
26.43,3558.009850268789,-0.11648621730291456,6.583521169373762,0.1481064930266225
26.459999999999997,3558.202952149829,-0.09318505247684472,6.289938098509558,0.14166896926928568
26.49,3558.3872465726636,-0.07064283818673253,5.996357037236603,0.13521545573683422
26.52,3558.562733574819,-0.04887335589513406,5.702776471145051,0.12874643285884924
26.55,3558.7294131486906,-0.027890208414547812,5.409194906184451,0.12226239071125823
26.58,3558.887285242179,-0.007706802922022582,5.115610870510481,0.11576382892465573
26.61,3559.036349759388,0.011663666317822313,4.8220229163660875,0.1092512565817689
26.64,3559.1766065613724,0.03020823551303617,4.528429621993988,0.10272519210382366
26.669999999999998,3559.3080554669496,0.047914189160058115,4.234829593576946,0.09618616312557456
26.7,3559.4306962535647,0.06476907810243152,3.9412214672023205,0.08963470635877203
26.73,3559.5445286582203,0.0807607378000826,3.647603910846758,0.08307136744384934
26.759999999999998,3559.6495523784606,0.09587730679039591,3.3539756263769043,0.0764967007896244
26.79,3559.7457670734198,0.11010724531621649,3.0603353515617284,0.06991126940082346
26.82,3559.833172364928,0.1234393540874697,2.7666818620916414,0.06331564469324606
26.849999999999998,3559.9117678386815,0.13586279315868321,2.4730139735996937,0.056710406296406037
26.88,3559.9815530454684,0.14736710087919713,2.1793305436795065,0.05009614184349808
26.91,3560.04252750246,0.1579422128937782,1.8856304738946916,0.043473446748556854
26.939999999999998,3560.0946906945587,0.16757848115923063,1.5919127117742151,0.03684292397069248
26.97,3560.138042075807,0.17626669294288516,1.298176252788021,0.030205183765304934
27.0,3560.1725810708544,0.18399808976741197,1.004420142296994,0.023560843422199506
27.029999999999998,3560.1983070764845,0.19076438628240536,0.7106434774717205,0.016910526990545915
27.06,3560.215219463196,0.1965577889996092,0.4168454091734595,0.010254864990642598
27.09,3560.2233175768415,0.20137101492305753,0.1230251437926482,0.0035944941124688465
27.119999999999997,3560.2226007403215,0.2051973100257499,-0.170818054960645,-0.003069943098981011
27.15,3560.213068255328,0.20803046770128086,-0.4646848643160582,-0.009737798571588017
27.18,3560.1947194041445,0.2098648475080598,-0.7585759007464656,-0.016408419047279688
27.209999999999997,3560.1675534514916,0.21069539570817494,-1.0524917182753986,-0.0230811464367692
27.24,3560.1315696464294,0.21051767682303096,-1.3464328065256406,-0.029755318189357168
27.27,3560.0867672243476,0.2093281452441897,-1.6403995819124313,-0.03643026769123847
27.3,3560.0331454088673,0.20712207395953094,-1.934392439798915,-0.04310532463737375
27.33,3559.9707034126245,0.2038975268673138,-2.2284116756984482,-0.049779815141317324
27.36,3559.8994404403325,0.19965182273801718,-2.5224575508085705,-0.05645306269501866
27.39,3559.8193556897413,0.19438351607032442,-2.8165302579345544,-0.06312438823514684
27.419999999999998,3559.730448353902,0.18809202861111146,-3.1106299177170635,-0.06979311063702147
27.45,3559.6327176233285,0.18077747687171888,-3.4047565784981777,-0.07645854717408711
27.48,3559.526162688178,0.17244070123299376,-3.6989102156426727,-0.08312001398441542
27.509999999999998,3559.4107827404487,0.16308327974890105,-3.9930907308823635,-0.08977682654665177
27.54,3559.286576976199,0.15270753928245204,-4.287297951766609,-0.09642830016547733
27.57,3559.153544597778,0.14131656526304373,-4.581531631242538,-0.10307375046619718
27.599999999999998,3559.011684816069,0.12891421025076696,-4.875791447375851,-0.10971249389790787
27.63,3558.8609968527394,0.11550510134867797,-5.170077003217889,-0.11634384824461338
27.66,3558.7014799424883,0.10109464639590682,-5.464387826824011,-0.12296713314360062
27.689999999999998,3558.533133335297,0.08568903891068971,-5.758723371426737,-0.12958167061033293
27.72,3558.3559562986675,0.06929526174432651,-6.053083015766165,-0.13618678556907465
27.75,3558.169948119851,0.05192108936789988,-6.347466064580343,-0.14278180638841323
27.779999999999998,3557.9751081080585,0.03357508877225365,-6.641871749256757,-0.14936606542080225
27.81,3557.7714355966496,0.014266618915442897,-6.936299228646119,-0.15593889954520507
27.84,3557.558929945293,-0.005994171316295066,-7.230747590038679,-0.16249965071187875
27.869999999999997,3557.3375905421,-0.027196346678796834,-7.525215850302746,-0.1690476664882964
27.9,3557.107416805714,-0.049328190718142484,-7.819702957184663,-0.1755823006051679
27.93,3556.8684081873653,-0.07237721251594975,-8.114207790768436,-0.18210291350148314
27.959999999999997,3556.6205641728766,-0.09633015508587958,-8.408729165093082,-0.18860887286746492
27.99,3556.363884284617,-0.1211730054338625,-8.703265829924675,-0.1950995541842869
28.02,3556.0983680834042,-0.14689100631937194,-8.997816472679819,-0.20157434125938273
28.05,3555.824015170341,-0.1734686697309628,-9.29237972049634,-0.20803262675614162
28.08,3555.540825188594,-0.20088979210322974,-9.586954142446704,-0.21447381271676472
28.11,3555.2487978250983,-0.22913747127593284,-9.881538251888726,-0.22089731107703148
28.14,3554.9479328121924,-0.2581941252178479,-10.176130508947995,-0.2273025441717097
28.169999999999998,3554.638229929178,-0.28804151250396215,-10.470729323125443,-0.23368894522932618
28.2,3554.319689003797,-0.3186607545552145,-10.765333056023392,-0.24005595885500683
28.23,3553.9923099136254,-0.35003235962532214,-11.059940024182604,-0.24640304150008457
28.259999999999998,3553.656092587383,-0.3821362485238572,-11.354548502022624,-0.2527296619171773
28.29,3553.311037006149,-0.41495178205686434,-11.649156724877226,-0.25903530159943366
28.32,3552.9571432044922,-0.4484577901562772,-11.943762892116371,-0.2653194552026575
28.349999999999998,3552.5944112714983,-0.48263260266340824,-12.238365170345727,-0.2715816309490304
28.38,3552.222841351706,-0.5174540817360866,-12.5329616966747,-0.2778213510111708
28.41,3551.8424336459407,-0.5528996558205161,-12.827550582043392,-0.2840381518752908
28.439999999999998,3551.4531884120506,-0.5889463551441433,-13.122129914598865,-0.290231584682238
28.47,3551.055105966758,-0.6255863895578483,-13.416697673555598,-0.29640120310103524
28.5,3550.6481866879726,-0.6628216737412804,-13.71125180438678,-0.3025465596615305
28.529999999999998,3550.232431015593,-0.7006347205685067,-14.005790231190776,-0.30866721821381876
28.56,3549.8078394522754,-0.739001234780118,-14.300310846733087,-0.3147627579381581
28.59,3549.374412564318,-0.7778963614070218,-14.594811515958776,-0.32083277379843606
28.619999999999997,3548.932150982443,-0.8172947287701697,-14.889290079615657,-0.32687687697007517
28.65,3548.4810554024675,-0.8571704943498448,-15.183744357976995,-0.33289469524022053
28.68,3548.0211265858584,-0.8974973934496159,-15.478172154652366,-0.33888587337808945
28.709999999999997,3547.552365360177,-0.9382487905407306,-15.77257126047453,-0.3448500734734207
28.74,3547.074772619402,-0.9793977331877886,-16.06693945745023,-0.3507869752410197
28.77,3546.588349324134,-1.020917008416969,-16.361274522762187,-0.35669627628947265
28.799999999999997,3546.0930965016796,-1.062779201381064,-16.655574232809677,-0.36257769235218984
28.83,3545.589015246015,-1.1049567561604934,-16.94983636727444,-0.3684309574790357
28.86,3545.076106717626,-1.1474220385190812,-17.24405871319899,-0.37425582418691533
28.89,3544.554372143224,-1.1901474004219275,-17.53823906906391,-0.3800520635678082
28.919999999999998,3544.0238128153455,-1.2331052461007137,-17.832375248850923,-0.3858194653528743
28.95,3543.484430091824,-1.2762680994404407,-18.126465086078166,-0.39155783793140364
28.98,3542.936225395144,-1.31960867244995,-18.42050643779446,-0.3972670083235353
29.009999999999998,3542.3792002116766,-1.3630999345495443,-18.714497188519108,-0.4029468221058427
29.04,3541.813356090797,-1.4067151824143354,-19.008435254113827,-0.40859714328905505
29.07,3541.238694643886,-1.4504281100806353,-19.302318585573634,-0.4142178541473769
29.099999999999998,3540.6552175432225,-1.4942128790216294,-19.5961451727233,-0.4198088549990621
29.13,3540.062926520762,-1.538044187883139,-19.889913047806424,-0.42537006393810556
29.16,3539.461823366814,-1.5818973415536326,-20.18362028895385,-0.4309014165171301
29.189999999999998,3538.8519099286127,-1.6257483192468778,-20.47726502351868,-0.43640286538176487
29.22,3538.2331881087944,-1.6695738412534098,-20.770845431264927,-0.4418743798570427
29.25,3537.6056598637774,-1.7133514340175835,-21.0643597473972,-0.4473159454865716
29.279999999999998,3536.9693272020572,-1.7570594931926777,-21.357806265418837,-0.4527275635254784
29.31,3536.324192182415,-1.800677344318329,-21.651183339806142,-0.45810925038835887
29.34,3535.670256912053,-1.844185300766303,-21.944489388486506,-0.46346103705371194
29.369999999999997,3535.0075235446543,-1.8875647186040914,-22.237722895108494,-0.4687829684265826
29.4,3534.3359942783813,-1.930798048019109,-22.530882411092247,-0.47407510266137776
29.43,3533.655671353814,-1.9738688809618785,-22.82396655744865,-0.4793375104470634
29.459999999999997,3532.9665570518378,-2.016761994667968,-23.116974026356452,-0.48457027425719
29.49,3532.268653691489,-2.059463390724921,-23.409903582486514,-0.4897734875674285
29.52,3531.5619636277625,-2.101960329371173,-23.70275406406313,-0.49494725404352624
29.549999999999997,3530.846489249393,-2.1442413587185576,-23.99552438365283,-0.5000916867028175
29.58,3530.1222329766165,-2.1862963386159078,-24.28821352867172,-0.5052069070526306
29.61,3529.3891972589204,-2.2281164588802143,-24.580820561603108,-0.5102930442091423
29.64,3528.6473845727924,-2.2696942516587466,-24.87334461991822,-0.5153502340004159
29.669999999999998,3527.896797419475,-2.3110235976897213,-25.165784915693326,-0.520378618057537
29.7,3527.1374383227394,-2.352099726279912,-25.458140734918302,-0.5253783428979261
29.73,3526.3693098266785,-2.3929192088233857,-25.750411436492136,-0.530349559005045
29.759999999999998,3525.5924144935416,-2.433479945740155,-26.04259645090292,-0.5352924199088505
29.79,3524.8067549016096,-2.473781146724781,-26.334695278590626,-0.540207081271443
29.82,3524.012333643125,-2.5138233042527154,-26.626707487993183,-0.5450936999824575
29.849999999999998,3523.2091533222856,-2.5536081603171343,-26.918632713277532,-0.5499524332687905
29.88,3522.3972165533087,-2.593138666408771,-27.210470651759504,-0.5547834378233095
29.91,3521.576525958582,-2.6324189368017348,-27.50222106101812,-0.5595868689571953
29.939999999999998,3520.7470841669005,-2.671454195245208,-27.79388375571198,-0.5643628797805544
29.97,3519.9088938118066,-2.7102507152015636,-28.085458604107465,-0.5691116204159005
30.0,3519.0619575300375,-2.748815753827507,-28.376945524330782,-0.5738332372490278
30.029999999999998,3518.206277960088,-2.787157479925654,-28.66834448035788,-0.5785278722217027
